-7.75123
-7.55627
-7.46607
-7.43222
-7.27953
-7.27281
-7.21853
-6.87972
-6.81009
-6.67141
-6.64672
-6.5084
-6.41812
-6.24046
-6.21268
-6.15678
-6.14175
-5.81506
-5.78646
-5.65135
-5.59044
-5.56682
-5.56004
-5.55812
-5.49762
-5.4071
-5.40029
-5.37576
-5.35918
-5.35322
-5.29662
-5.27414
-5.25107
-5.16128
-5.09635
-5.07415
-5.02504
-5.01385
-5.00356
-4.99047
-4.96669
-4.91622
-4.90503
-4.89858
-4.88322
-4.78002
-4.77612
-4.7753
-4.76868
-4.76702
-4.71749
-4.6846
-4.6654
-4.65523
-4.63991
-4.6391
-4.62741
-4.59958
-4.58865
-4.58271
-4.56894
-4.56765
-4.53442
-4.52733
-4.50251
-4.46385
-4.45913
-4.44076
-4.43628
-4.41453
-4.40895
-4.38887
-4.37298
-4.33774
-4.32712
-4.32175
-4.32148
-4.32096
-4.30945
-4.28815
-4.28371
-4.27588
-4.26981
-4.2575
-4.25384
-4.25024
-4.24608
-4.2453
-4.24297
-4.23742
-4.2361
-4.204
-4.18212
-4.17094
-4.14616
-4.13523
-4.12395
-4.10991
-4.10752
-4.0983
-4.09539
-4.07041
-4.06845
-4.06294
-4.05206
-4.04845
-4.03689
-4.03586
-4.03296
-4.0304
-4.0295
-3.99255
-3.97294
-3.97226
-3.96546
-3.94535
-3.92832
-3.92307
-3.90993
-3.90314
-3.86199
-3.85303
-3.83236
-3.83197
-3.83035
-3.82072
-3.81919
-3.77473
-3.77372
-3.77273
-3.77059
-3.76895
-3.75619
-3.75351
-3.7356
-3.7338
-3.72321
-3.72
-3.71919
-3.70218
-3.67686
-3.67257
-3.67129
-3.66855
-3.66854
-3.66676
-3.66591
-3.66265
-3.6456
-3.63614
-3.63098
-3.6261
-3.61473
-3.6138
-3.61259
-3.60989
-3.60023
-3.59189
-3.52468
-3.51791
-3.51545
-3.51316
-3.50762
-3.50737
-3.50702
-3.49495
-3.49432
-3.49142
-3.48763
-3.48619
-3.47885
-3.47281
-3.44145
-3.43998
-3.43359
-3.42784
-3.42734
-3.41059
-3.40655
-3.40463
-3.40318
-3.39948
-3.39922
-3.39897
-3.39743
-3.39333
-3.39081
-3.36244
-3.345
-3.34112
-3.34006
-3.33471
-3.33257
-3.32069
-3.3152
-3.31303
-3.30302
-3.30292
-3.30275
-3.30262
-3.30237
-3.29138
-3.28865
-3.27899
-3.27871
-3.26719
-3.26143
-3.25208
-3.25053
-3.24165
-3.23971
-3.23968
-3.23823
-3.23169
-3.22526
-3.21896
-3.20619
-3.20519
-3.19662
-3.19048
-3.18415
-3.18033
-3.17979
-3.17889
-3.17492
-3.17259
-3.17009
-3.16803
-3.16431
-3.15927
-3.15539
-3.15351
-3.15127
-3.14617
-3.14532
-3.1446
-3.14301
-3.14265
-3.1411
-3.1395
-3.13543
-3.13388
-3.13169
-3.12689
-3.12223
-3.11563
-3.11521
-3.11407
-3.1114
-3.10744
-3.10583
-3.10267
-3.09887
-3.09802
-3.09726
-3.09713
-3.09107
-3.08592
-3.08544
-3.0839
-3.0824
-3.07798
-3.05818
-3.05765
-3.0499
-3.04979
-3.04733
-3.04545
-3.04255
-3.04099
-3.027
-3.02568
-3.02212
-3.01887
-3.0178
-3.01359
-3.0065
-3.00375
-2.98926
-2.98912
-2.98911
-2.98679
-2.98282
-2.98255
-2.98214
-2.97896
-2.97686
-2.97108
-2.96734
-2.96729
-2.94536
-2.94289
-2.93659
-2.93484
-2.93271
-2.93014
-2.92547
-2.92473
-2.91958
-2.91874
-2.91799
-2.91217
-2.90854
-2.90833
-2.90684
-2.89145
-2.88228
-2.88106
-2.87374
-2.87351
-2.87229
-2.87096
-2.86941
-2.86674
-2.86585
-2.86408
-2.8605
-2.85643
-2.8489
-2.84836
-2.83596
-2.83387
-2.82751
-2.82469
-2.82447
-2.82066
-2.82007
-2.81983
-2.81249
-2.80897
-2.80886
-2.80043
-2.79795
-2.79684
-2.79518
-2.79365
-2.79162
-2.78832
-2.78157
-2.77281
-2.77129
-2.76926
-2.76809
-2.76761
-2.76659
-2.76596
-2.76246
-2.76186
-2.75769
-2.75463
-2.7507
-2.7477
-2.74571
-2.74351
-2.74297
-2.73954
-2.73732
-2.7317
-2.73164
-2.73011
-2.7288
-2.72735
-2.72651
-2.72169
-2.72142
-2.71776
-2.71748
-2.71622
-2.71589
-2.71521
-2.71494
-2.70868
-2.70704
-2.70676
-2.70213
-2.70029
-2.69899
-2.69685
-2.69468
-2.69452
-2.69436
-2.69244
-2.69077
-2.68914
-2.68898
-2.68877
-2.68476
-2.68395
-2.67948
-2.67848
-2.67741
-2.67555
-2.6742
-2.67362
-2.66837
-2.66832
-2.66433
-2.66372
-2.66257
-2.66231
-2.6596
-2.65776
-2.65626
-2.65575
-2.65239
-2.65083
-2.64503
-2.64123
-2.64031
-2.63916
-2.63709
-2.63542
-2.63455
-2.63249
-2.62793
-2.62745
-2.62526
-2.61357
-2.61166
-2.61131
-2.60841
-2.59792
-2.59789
-2.59658
-2.58945
-2.58468
-2.5836
-2.57783
-2.57608
-2.57482
-2.56969
-2.56227
-2.56164
-2.56156
-2.56069
-2.55615
-2.55595
-2.55495
-2.55403
-2.55357
-2.55088
-2.55069
-2.54772
-2.54137
-2.53609
-2.53532
-2.53358
-2.527
-2.52213
-2.5194
-2.51904
-2.51514
-2.51127
-2.50686
-2.50466
-2.50272
-2.50184
-2.50171
-2.49976
-2.4943
-2.49382
-2.49215
-2.49112
-2.49089
-2.49053
-2.48666
-2.48408
-2.47869
-2.4774
-2.47531
-2.47424
-2.47192
-2.46769
-2.46463
-2.46192
-2.4608
-2.45874
-2.45595
-2.45573
-2.45288
-2.44549
-2.44515
-2.4423
-2.44227
-2.43675
-2.43344
-2.43196
-2.43184
-2.43174
-2.43124
-2.42585
-2.42321
-2.42267
-2.4204
-2.41985
-2.41579
-2.41533
-2.41445
-2.41245
-2.40741
-2.40199
-2.40148
-2.39944
-2.39222
-2.38869
-2.38799
-2.38769
-2.38763
-2.38703
-2.38613
-2.38573
-2.38535
-2.38232
-2.38183
-2.3771
-2.37661
-2.37385
-2.36863
-2.36686
-2.36383
-2.36321
-2.36278
-2.36236
-2.36232
-2.35766
-2.35669
-2.35565
-2.35187
-2.35161
-2.35139
-2.34902
-2.34855
-2.34538
-2.34332
-2.33902
-2.3376
-2.33551
-2.33547
-2.33538
-2.33491
-2.33378
-2.33193
-2.32741
-2.32436
-2.32397
-2.3234
-2.32302
-2.32291
-2.32142
-2.32116
-2.3202
-2.31633
-2.31601
-2.31383
-2.31128
-2.30842
-2.30598
-2.30032
-2.29948
-2.29918
-2.29649
-2.29631
-2.29543
-2.29483
-2.29467
-2.2937
-2.29248
-2.29241
-2.29176
-2.29153
-2.28953
-2.28855
-2.28663
-2.2861
-2.28291
-2.28283
-2.27395
-2.27248
-2.2698
-2.2653
-2.26317
-2.26314
-2.26095
-2.26083
-2.26053
-2.25894
-2.25808
-2.25341
-2.25304
-2.24972
-2.24969
-2.24772
-2.2429
-2.23996
-2.23763
-2.23547
-2.23413
-2.23275
-2.23252
-2.22709
-2.22704
-2.2252
-2.22001
-2.21945
-2.21879
-2.21278
-2.21209
-2.21078
-2.20911
-2.20873
-2.20745
-2.20519
-2.20148
-2.19906
-2.19876
-2.19528
-2.19486
-2.19297
-2.1903
-2.18855
-2.18697
-2.18556
-2.18542
-2.18404
-2.18254
-2.18045
-2.1803
-2.17788
-2.17788
-2.17774
-2.17734
-2.17721
-2.17659
-2.17575
-2.17417
-2.16824
-2.16779
-2.16346
-2.16271
-2.16247
-2.1612
-2.15937
-2.15785
-2.15723
-2.15612
-2.15307
-2.15159
-2.14883
-2.1478
-2.14732
-2.1472
-2.14711
-2.14624
-2.14592
-2.14516
-2.14205
-2.14079
-2.14005
-2.13965
-2.13738
-2.13696
-2.13687
-2.13665
-2.13421
-2.13126
-2.12975
-2.12891
-2.12786
-2.12483
-2.1246
-2.1245
-2.1245
-2.12289
-2.12257
-2.12013
-2.11991
-2.11574
-2.11492
-2.11454
-2.11255
-2.11036
-2.10917
-2.1079
-2.10628
-2.10609
-2.10571
-2.10379
-2.10298
-2.10102
-2.10042
-2.09998
-2.09988
-2.09953
-2.09887
-2.09856
-2.09755
-2.09626
-2.0955
-2.09361
-2.09315
-2.09229
-2.09221
-2.08902
-2.08498
-2.07741
-2.07527
-2.07409
-2.0738
-2.07233
-2.07122
-2.07037
-2.06711
-2.06451
-2.05771
-2.05525
-2.0549
-2.05416
-2.05334
-2.0533
-2.05311
-2.05259
-2.05209
-2.05028
-2.04983
-2.04896
-2.047
-2.04591
-2.04578
-2.04562
-2.03977
-2.03809
-2.037
-2.0329
-2.03226
-2.03153
-2.02485
-2.02464
-2.02048
-2.01981
-2.01921
-2.01659
-2.01605
-2.01604
-2.01485
-2.0135
-2.01303
-2.01083
-2.01034
-2.00978
-2.00905
-2.0052
-2.00439
-2.00364
-2.00322
-2.00166
-2.00125
-2.00015
-1.99919
-1.99835
-1.99821
-1.9953
-1.99296
-1.99112
-1.98981
-1.98923
-1.98804
-1.98688
-1.98514
-1.985
-1.98405
-1.98298
-1.97942
-1.97941
-1.97677
-1.97559
-1.97084
-1.97078
-1.97003
-1.96911
-1.96894
-1.96742
-1.96598
-1.96583
-1.96564
-1.96462
-1.96443
-1.96344
-1.96317
-1.96271
-1.9627
-1.9626
-1.96224
-1.95948
-1.9567
-1.95459
-1.9544
-1.95231
-1.9523
-1.95171
-1.95171
-1.95035
-1.95032
-1.94586
-1.94422
-1.94038
-1.93975
-1.93796
-1.93731
-1.93147
-1.93055
-1.92982
-1.92892
-1.92688
-1.9249
-1.92332
-1.92202
-1.92197
-1.91716
-1.9158
-1.91487
-1.91452
-1.91072
-1.91011
-1.90941
-1.9089
-1.90878
-1.90712
-1.90688
-1.90613
-1.90527
-1.90424
-1.90333
-1.90204
-1.89867
-1.89848
-1.89816
-1.89787
-1.89695
-1.89347
-1.89285
-1.89169
-1.88886
-1.88756
-1.88755
-1.88665
-1.88609
-1.88475
-1.88324
-1.88324
-1.88162
-1.87798
-1.8769
-1.87562
-1.87266
-1.87205
-1.87155
-1.87092
-1.86835
-1.86549
-1.86447
-1.86444
-1.86183
-1.86179
-1.86069
-1.85955
-1.85837
-1.85772
-1.85708
-1.85513
-1.85267
-1.85218
-1.84985
-1.848
-1.8454
-1.84537
-1.84427
-1.84378
-1.84358
-1.84353
-1.84185
-1.84149
-1.83975
-1.8373
-1.83655
-1.83648
-1.83473
-1.8347
-1.83372
-1.83209
-1.8319
-1.83098
-1.82987
-1.82955
-1.82536
-1.82384
-1.82359
-1.82267
-1.82207
-1.82105
-1.81973
-1.81848
-1.81791
-1.81738
-1.81636
-1.81529
-1.81168
-1.81009
-1.80988
-1.80988
-1.80972
-1.80875
-1.80676
-1.80624
-1.80618
-1.80528
-1.80438
-1.80407
-1.80333
-1.80098
-1.79843
-1.7982
-1.79686
-1.79666
-1.79632
-1.7963
-1.79616
-1.79612
-1.79605
-1.7944
-1.79342
-1.79254
-1.79229
-1.78846
-1.78844
-1.78822
-1.78711
-1.78498
-1.78285
-1.77797
-1.7776
-1.77656
-1.77366
-1.7729
-1.77189
-1.77144
-1.77012
-1.76991
-1.76937
-1.76875
-1.76772
-1.76705
-1.76671
-1.76219
-1.76173
-1.76069
-1.75958
-1.75934
-1.75926
-1.75836
-1.75785
-1.75738
-1.75676
-1.75582
-1.75505
-1.75419
-1.75358
-1.75142
-1.74921
-1.74893
-1.74757
-1.74497
-1.74289
-1.7427
-1.74047
-1.73949
-1.73907
-1.73852
-1.73803
-1.73729
-1.737
-1.7368
-1.73366
-1.73255
-1.73253
-1.73239
-1.7311
-1.73104
-1.72665
-1.72583
-1.72474
-1.72445
-1.72401
-1.72355
-1.7223
-1.71966
-1.71941
-1.71711
-1.71613
-1.71528
-1.71417
-1.70999
-1.70973
-1.70849
-1.7081
-1.70715
-1.70496
-1.70466
-1.70263
-1.70251
-1.70092
-1.69842
-1.69594
-1.69545
-1.69225
-1.69213
-1.69153
-1.687
-1.68648
-1.68631
-1.68511
-1.68333
-1.68326
-1.68273
-1.68217
-1.68197
-1.6796
-1.67779
-1.67621
-1.67509
-1.67471
-1.67418
-1.67397
-1.67333
-1.6728
-1.67159
-1.6713
-1.67003
-1.66738
-1.6668
-1.66602
-1.66557
-1.66493
-1.6645
-1.66396
-1.66361
-1.66243
-1.66239
-1.65901
-1.65838
-1.65675
-1.65663
-1.6566
-1.65585
-1.65454
-1.65391
-1.65154
-1.65141
-1.64978
-1.64733
-1.64692
-1.64663
-1.64626
-1.64557
-1.64519
-1.64422
-1.64326
-1.64323
-1.64235
-1.64156
-1.64149
-1.641
-1.63873
-1.63855
-1.63851
-1.63812
-1.63684
-1.63664
-1.63573
-1.63507
-1.63409
-1.63139
-1.62777
-1.62722
-1.62609
-1.62604
-1.62571
-1.62546
-1.62543
-1.62525
-1.624
-1.62356
-1.62334
-1.62188
-1.62104
-1.62074
-1.6205
-1.62047
-1.61882
-1.61841
-1.61836
-1.6183
-1.61823
-1.6176
-1.61505
-1.61286
-1.61272
-1.6127
-1.60919
-1.60826
-1.60824
-1.60809
-1.60787
-1.60589
-1.60525
-1.60473
-1.60337
-1.60325
-1.6019
-1.60179
-1.60098
-1.60095
-1.6004
-1.60028
-1.59948
-1.5992
-1.59866
-1.59562
-1.59553
-1.5953
-1.59443
-1.59416
-1.59404
-1.59158
-1.58914
-1.58912
-1.58899
-1.58841
-1.58813
-1.58784
-1.58622
-1.58591
-1.58547
-1.5852
-1.58492
-1.58194
-1.58154
-1.581
-1.57879
-1.57747
-1.57526
-1.5751
-1.57302
-1.57276
-1.57272
-1.57007
-1.56852
-1.56781
-1.56667
-1.56614
-1.56385
-1.56225
-1.56138
-1.56126
-1.56111
-1.56046
-1.55931
-1.5568
-1.55483
-1.55345
-1.54989
-1.5496
-1.54903
-1.54882
-1.54877
-1.54837
-1.54817
-1.54814
-1.54787
-1.54748
-1.54366
-1.54279
-1.54237
-1.54131
-1.54004
-1.53914
-1.53829
-1.53798
-1.53747
-1.53725
-1.53722
-1.53711
-1.53624
-1.53593
-1.53386
-1.53217
-1.53152
-1.53091
-1.53061
-1.5279
-1.52754
-1.52737
-1.52632
-1.52586
-1.52472
-1.52435
-1.52316
-1.52303
-1.52267
-1.5224
-1.52135
-1.52093
-1.51889
-1.5188
-1.51485
-1.51377
-1.51366
-1.51366
-1.51322
-1.51242
-1.51139
-1.51038
-1.50872
-1.50856
-1.50825
-1.5078
-1.50743
-1.50736
-1.50663
-1.50191
-1.50171
-1.49982
-1.49961
-1.49937
-1.49785
-1.49634
-1.49585
-1.49536
-1.4938
-1.49333
-1.49293
-1.49252
-1.49248
-1.49188
-1.49107
-1.49097
-1.49037
-1.48948
-1.48888
-1.48824
-1.4876
-1.48681
-1.48625
-1.48471
-1.48416
-1.48309
-1.48178
-1.48132
-1.47956
-1.47942
-1.47939
-1.47915
-1.47884
-1.47769
-1.47565
-1.47322
-1.47063
-1.47035
-1.47033
-1.4698
-1.46852
-1.46782
-1.46777
-1.46733
-1.46722
-1.46647
-1.46611
-1.46598
-1.46485
-1.464
-1.4631
-1.46264
-1.46213
-1.46111
-1.46082
-1.46077
-1.46059
-1.46056
-1.4601
-1.45974
-1.45912
-1.45857
-1.45845
-1.45605
-1.45595
-1.45576
-1.45569
-1.45558
-1.45447
-1.45393
-1.45343
-1.45309
-1.45284
-1.4514
-1.45054
-1.45024
-1.45003
-1.45
-1.44987
-1.4491
-1.44806
-1.44782
-1.44768
-1.44728
-1.44672
-1.44571
-1.44553
-1.44545
-1.44402
-1.44346
-1.44336
-1.44318
-1.44317
-1.44316
-1.44277
-1.44277
-1.44149
-1.44121
-1.43983
-1.43942
-1.43908
-1.43896
-1.43818
-1.438
-1.43537
-1.43488
-1.42871
-1.42807
-1.42806
-1.42759
-1.42735
-1.42722
-1.42626
-1.42554
-1.42442
-1.42424
-1.42395
-1.42366
-1.42274
-1.42256
-1.42182
-1.4217
-1.42164
-1.4216
-1.4216
-1.42148
-1.42054
-1.41623
-1.41621
-1.41604
-1.41445
-1.41391
-1.41269
-1.4121
-1.41029
-1.41019
-1.40737
-1.40655
-1.40557
-1.40237
-1.40185
-1.40156
-1.39973
-1.39913
-1.3957
-1.39568
-1.39486
-1.39463
-1.39462
-1.39389
-1.39159
-1.39152
-1.39101
-1.391
-1.39079
-1.39035
-1.38915
-1.38774
-1.38681
-1.38649
-1.38482
-1.38078
-1.38011
-1.37974
-1.37973
-1.37943
-1.37896
-1.37719
-1.37705
-1.37683
-1.3764
-1.37637
-1.37586
-1.37538
-1.37464
-1.37443
-1.37394
-1.3731
-1.37284
-1.37235
-1.37047
-1.36992
-1.36991
-1.36943
-1.36941
-1.36886
-1.36872
-1.36818
-1.36761
-1.36744
-1.36574
-1.36542
-1.36525
-1.36465
-1.36462
-1.36404
-1.36387
-1.36252
-1.3623
-1.36128
-1.36076
-1.3605
-1.36035
-1.35964
-1.35943
-1.3575
-1.35513
-1.35505
-1.3549
-1.35387
-1.35311
-1.35295
-1.35248
-1.35238
-1.35203
-1.35192
-1.35121
-1.34933
-1.34885
-1.34884
-1.34823
-1.34816
-1.34583
-1.3454
-1.34507
-1.34501
-1.34492
-1.34451
-1.34422
-1.34214
-1.34205
-1.34189
-1.34094
-1.34024
-1.33999
-1.33966
-1.33952
-1.33763
-1.33609
-1.33588
-1.33588
-1.33578
-1.33555
-1.33339
-1.33244
-1.33215
-1.33205
-1.33182
-1.33114
-1.33076
-1.32824
-1.32655
-1.32579
-1.32523
-1.32441
-1.32425
-1.32411
-1.32342
-1.32147
-1.3213
-1.31847
-1.31837
-1.31542
-1.31534
-1.31457
-1.31413
-1.31358
-1.31263
-1.31127
-1.31085
-1.31084
-1.31071
-1.31054
-1.31018
-1.30959
-1.30872
-1.3056
-1.30329
-1.30329
-1.30241
-1.30221
-1.30171
-1.29909
-1.29813
-1.29672
-1.29665
-1.29633
-1.29553
-1.2955
-1.2944
-1.29347
-1.29311
-1.29289
-1.29271
-1.2919
-1.29083
-1.2899
-1.28876
-1.28856
-1.28723
-1.28722
-1.28672
-1.28655
-1.28602
-1.28512
-1.28476
-1.28459
-1.28403
-1.28391
-1.28346
-1.28309
-1.28289
-1.28251
-1.28123
-1.2789
-1.27862
-1.27781
-1.27756
-1.27479
-1.27463
-1.27426
-1.27396
-1.27385
-1.27327
-1.2731
-1.27247
-1.27222
-1.27122
-1.27094
-1.27087
-1.27045
-1.2704
-1.27001
-1.26939
-1.26884
-1.26757
-1.26543
-1.26495
-1.26419
-1.2636
-1.26263
-1.26217
-1.26175
-1.26048
-1.25915
-1.25896
-1.25893
-1.25806
-1.25796
-1.25735
-1.25721
-1.25425
-1.25404
-1.25273
-1.25103
-1.25093
-1.25088
-1.25066
-1.249
-1.24881
-1.24871
-1.24805
-1.24793
-1.24559
-1.24551
-1.24522
-1.24493
-1.24285
-1.24229
-1.24226
-1.24176
-1.24075
-1.24062
-1.23901
-1.23844
-1.23704
-1.23614
-1.23589
-1.23549
-1.23431
-1.23395
-1.23378
-1.23302
-1.23201
-1.23184
-1.23025
-1.23006
-1.22992
-1.22805
-1.22746
-1.22665
-1.2257
-1.22541
-1.22438
-1.22435
-1.22387
-1.22359
-1.22313
-1.22163
-1.22091
-1.2203
-1.22015
-1.22007
-1.21967
-1.21843
-1.2174
-1.21684
-1.21654
-1.21636
-1.21369
-1.21301
-1.21171
-1.21163
-1.20912
-1.20822
-1.20809
-1.20795
-1.20727
-1.20682
-1.20679
-1.20668
-1.20652
-1.20651
-1.20531
-1.20517
-1.2048
-1.20457
-1.20334
-1.20231
-1.20205
-1.20183
-1.20156
-1.20128
-1.20095
-1.20021
-1.19846
-1.19813
-1.19808
-1.19522
-1.19385
-1.19337
-1.19327
-1.19305
-1.19278
-1.19232
-1.19173
-1.19166
-1.19003
-1.18924
-1.18811
-1.18793
-1.18572
-1.18531
-1.18408
-1.18367
-1.18276
-1.18198
-1.18181
-1.18057
-1.17967
-1.17889
-1.17887
-1.17789
-1.17694
-1.17678
-1.17598
-1.17534
-1.17533
-1.17521
-1.17513
-1.17469
-1.17407
-1.17325
-1.17314
-1.17298
-1.17271
-1.17208
-1.17094
-1.17069
-1.17003
-1.16971
-1.16849
-1.16843
-1.16708
-1.16678
-1.16601
-1.16584
-1.16263
-1.16242
-1.1612
-1.15978
-1.15948
-1.15905
-1.15874
-1.15824
-1.15642
-1.15539
-1.15262
-1.1508
-1.15025
-1.14888
-1.1487
-1.14769
-1.14742
-1.14634
-1.14473
-1.1441
-1.14255
-1.14196
-1.14134
-1.14117
-1.14089
-1.14082
-1.14057
-1.14013
-1.14002
-1.13998
-1.13982
-1.13964
-1.13956
-1.1392
-1.139
-1.13851
-1.13744
-1.13727
-1.13682
-1.13638
-1.13613
-1.13576
-1.13561
-1.13458
-1.13426
-1.1337
-1.13368
-1.13332
-1.13321
-1.13155
-1.13074
-1.13019
-1.12982
-1.12803
-1.12746
-1.12608
-1.12594
-1.12555
-1.12489
-1.12473
-1.12447
-1.12325
-1.12272
-1.1196
-1.11929
-1.11659
-1.11628
-1.11589
-1.11587
-1.11442
-1.11115
-1.1111
-1.111
-1.11034
-1.11003
-1.10738
-1.10687
-1.10637
-1.10592
-1.1058
-1.10566
-1.10475
-1.10358
-1.10354
-1.10317
-1.10229
-1.10074
-1.10033
-1.09957
-1.09843
-1.09783
-1.09775
-1.09761
-1.0974
-1.09719
-1.09438
-1.09428
-1.09387
-1.09374
-1.09374
-1.09369
-1.09362
-1.09167
-1.09151
-1.09063
-1.09055
-1.0905
-1.0902
-1.08937
-1.08891
-1.08822
-1.08819
-1.08818
-1.08703
-1.08517
-1.08496
-1.08451
-1.08432
-1.08401
-1.08393
-1.08359
-1.08357
-1.08076
-1.0801
-1.08006
-1.07985
-1.0795
-1.07898
-1.07891
-1.07887
-1.07866
-1.07771
-1.07703
-1.0765
-1.07554
-1.07529
-1.07333
-1.07329
-1.07139
-1.07
-1.06916
-1.06905
-1.06693
-1.06643
-1.06556
-1.06554
-1.06354
-1.06271
-1.06264
-1.06216
-1.06176
-1.06151
-1.06138
-1.06129
-1.06108
-1.06106
-1.06098
-1.06052
-1.06007
-1.05906
-1.05857
-1.05849
-1.05794
-1.05702
-1.05497
-1.05426
-1.05388
-1.05354
-1.05158
-1.05088
-1.05063
-1.04873
-1.04852
-1.04844
-1.04838
-1.04772
-1.04618
-1.04577
-1.04575
-1.04313
-1.04301
-1.04289
-1.04288
-1.04272
-1.04242
-1.04188
-1.04175
-1.04151
-1.04067
-1.04045
-1.0403
-1.03963
-1.03961
-1.03906
-1.039
-1.03836
-1.03779
-1.03732
-1.03706
-1.03702
-1.03631
-1.03515
-1.03408
-1.03305
-1.03216
-1.03196
-1.0315
-1.03128
-1.03118
-1.03079
-1.03063
-1.03019
-1.02974
-1.02961
-1.02948
-1.02872
-1.02697
-1.02581
-1.0249
-1.02393
-1.0239
-1.02329
-1.02254
-1.02093
-1.02092
-1.02059
-1.02058
-1.01894
-1.01805
-1.01771
-1.01752
-1.01607
-1.015
-1.01479
-1.01473
-1.01435
-1.01427
-1.01406
-1.01385
-1.01358
-1.01343
-1.01324
-1.01309
-1.01209
-1.0113
-1.01084
-1.0106
-1.01012
-1.00943
-1.00904
-1.00803
-1.00688
-1.0065
-1.00537
-1.0041
-1.00219
-1.00198
-1.00136
-1.00056
-1.00002
-1.00002
-0.998901
-0.998746
-0.998487
-0.996411
-0.996384
-0.996188
-0.995574
-0.995563
-0.995228
-0.995213
-0.994617
-0.993544
-0.992603
-0.991899
-0.991586
-0.991319
-0.991053
-0.990526
-0.988993
-0.988993
-0.988265
-0.987552
-0.987146
-0.986974
-0.986627
-0.986276
-0.985171
-0.98509
-0.985072
-0.984792
-0.983849
-0.983425
-0.983311
-0.983175
-0.982901
-0.982814
-0.982664
-0.981846
-0.981614
-0.981302
-0.978678
-0.978656
-0.978634
-0.978527
-0.977944
-0.977794
-0.97746
-0.977351
-0.977262
-0.977133
-0.976662
-0.97633
-0.976291
-0.975491
-0.975231
-0.974514
-0.974459
-0.973994
-0.973986
-0.973645
-0.973448
-0.972393
-0.972077
-0.971618
-0.971084
-0.970814
-0.970184
-0.970152
-0.97006
-0.969816
-0.968991
-0.967857
-0.967522
-0.967321
-0.96628
-0.966139
-0.96588
-0.964805
-0.963593
-0.963304
-0.963107
-0.963071
-0.962942
-0.962832
-0.962594
-0.961822
-0.961317
-0.960176
-0.960101
-0.959866
-0.959487
-0.959344
-0.958923
-0.958874
-0.957245
-0.956966
-0.956768
-0.95597
-0.955878
-0.952916
-0.95278
-0.952393
-0.952334
-0.952161
-0.952083
-0.951989
-0.951879
-0.951383
-0.951184
-0.951036
-0.951035
-0.950659
-0.950381
-0.949441
-0.949243
-0.948914
-0.948767
-0.948465
-0.948205
-0.948167
-0.948141
-0.947835
-0.947467
-0.947259
-0.947219
-0.946665
-0.946638
-0.946458
-0.945949
-0.945609
-0.945359
-0.945336
-0.944826
-0.944409
-0.943802
-0.943087
-0.942993
-0.942429
-0.941893
-0.941801
-0.941577
-0.94136
-0.941237
-0.940465
-0.940203
-0.940127
-0.939322
-0.938823
-0.938535
-0.937917
-0.93773
-0.937246
-0.935728
-0.935117
-0.935059
-0.934965
-0.934154
-0.933632
-0.933007
-0.932745
-0.932661
-0.932102
-0.931707
-0.931567
-0.931472
-0.931392
-0.931133
-0.930953
-0.927986
-0.927525
-0.927117
-0.92706
-0.926656
-0.925383
-0.924979
-0.924175
-0.923648
-0.921431
-0.921343
-0.921309
-0.920443
-0.920133
-0.919678
-0.919526
-0.919143
-0.919011
-0.918649
-0.918542
-0.918474
-0.918268
-0.917657
-0.916867
-0.915912
-0.915621
-0.915232
-0.915056
-0.914664
-0.91423
-0.914114
-0.913998
-0.913078
-0.912258
-0.911679
-0.910908
-0.910658
-0.909649
-0.909088
-0.90847
-0.907669
-0.90765
-0.906675
-0.906237
-0.905727
-0.90554
-0.904547
-0.904111
-0.902855
-0.902465
-0.902306
-0.902267
-0.901478
-0.90145
-0.901111
-0.90058
-0.900529
-0.899668
-0.89943
-0.899036
-0.898779
-0.897762
-0.897265
-0.89723
-0.89687
-0.89644
-0.895959
-0.895867
-0.895591
-0.895058
-0.894904
-0.89472
-0.89435
-0.894133
-0.893443
-0.893039
-0.892489
-0.892247
-0.891714
-0.891672
-0.891424
-0.890777
-0.890137
-0.889438
-0.888999
-0.887649
-0.887604
-0.887335
-0.887104
-0.886357
-0.886141
-0.886046
-0.885689
-0.885394
-0.884749
-0.884319
-0.88391
-0.883561
-0.882694
-0.882064
-0.881715
-0.880957
-0.880932
-0.880445
-0.88039
-0.879813
-0.878347
-0.878208
-0.876925
-0.876726
-0.876643
-0.876576
-0.876161
-0.875981
-0.875204
-0.875173
-0.875102
-0.874658
-0.874429
-0.873856
-0.872868
-0.871568
-0.871118
-0.87042
-0.869559
-0.868831
-0.86872
-0.868703
-0.86762
-0.867464
-0.867258
-0.866951
-0.866834
-0.865835
-0.864874
-0.864736
-0.864208
-0.864162
-0.863849
-0.86361
-0.863002
-0.862229
-0.860765
-0.860572
-0.860511
-0.859998
-0.85954
-0.858512
-0.858504
-0.857809
-0.857439
-0.857439
-0.857368
-0.856786
-0.856707
-0.856537
-0.855028
-0.854852
-0.854639
-0.853869
-0.853727
-0.853713
-0.853586
-0.853568
-0.853394
-0.853251
-0.853123
-0.852644
-0.852549
-0.851576
-0.849011
-0.848971
-0.848081
-0.84792
-0.84772
-0.846926
-0.846805
-0.845892
-0.845
-0.844331
-0.844267
-0.843936
-0.843205
-0.843016
-0.842985
-0.842581
-0.842485
-0.841982
-0.841607
-0.841593
-0.841423
-0.841105
-0.840512
-0.840503
-0.839837
-0.839661
-0.839296
-0.839058
-0.838969
-0.838012
-0.837955
-0.837213
-0.837211
-0.83616
-0.836107
-0.835393
-0.834801
-0.834441
-0.83431
-0.833578
-0.832856
-0.832776
-0.832655
-0.832086
-0.831448
-0.831341
-0.830996
-0.830504
-0.830179
-0.82939
-0.829152
-0.828907
-0.828604
-0.827809
-0.827799
-0.827452
-0.826755
-0.826667
-0.825633
-0.825611
-0.825209
-0.824512
-0.824142
-0.821676
-0.821436
-0.821224
-0.82081
-0.820405
-0.819905
-0.819896
-0.819373
-0.818726
-0.81806
-0.817858
-0.817578
-0.817285
-0.816674
-0.816603
-0.81623
-0.815666
-0.815564
-0.81553
-0.815435
-0.815278
-0.815149
-0.81483
-0.814302
-0.814077
-0.813931
-0.813593
-0.813118
-0.813048
-0.812578
-0.809854
-0.809171
-0.80899
-0.808917
-0.808868
-0.808734
-0.808687
-0.808551
-0.80829
-0.807879
-0.807692
-0.807168
-0.806428
-0.806377
-0.804853
-0.804492
-0.80447
-0.804141
-0.80389
-0.803296
-0.803048
-0.802829
-0.801705
-0.800771
-0.798979
-0.798882
-0.798742
-0.798618
-0.798249
-0.798217
-0.797603
-0.796811
-0.796035
-0.795662
-0.79505
-0.794846
-0.794461
-0.79365
-0.793549
-0.793322
-0.793281
-0.793247
-0.792908
-0.792291
-0.792176
-0.792059
-0.791396
-0.791151
-0.790989
-0.789949
-0.789823
-0.78889
-0.788543
-0.788505
-0.788044
-0.788033
-0.7879
-0.786776
-0.785632
-0.785529
-0.785524
-0.785461
-0.784744
-0.784737
-0.784673
-0.784203
-0.784178
-0.783729
-0.783706
-0.783498
-0.783032
-0.782709
-0.78256
-0.782557
-0.782489
-0.781603
-0.781426
-0.781318
-0.781308
-0.781029
-0.780958
-0.780793
-0.780222
-0.780163
-0.779997
-0.779515
-0.779283
-0.779238
-0.779109
-0.77879
-0.778617
-0.778027
-0.777842
-0.776814
-0.776794
-0.776475
-0.775705
-0.775704
-0.775393
-0.775194
-0.775188
-0.775064
-0.773325
-0.773309
-0.772768
-0.770299
-0.770024
-0.769928
-0.769534
-0.769137
-0.767945
-0.767741
-0.767214
-0.76587
-0.765642
-0.765303
-0.765015
-0.764527
-0.764521
-0.764414
-0.764199
-0.763894
-0.763695
-0.7634
-0.763352
-0.763301
-0.7633
-0.763241
-0.763231
-0.76113
-0.760813
-0.760724
-0.76035
-0.759667
-0.759242
-0.759045
-0.757125
-0.757039
-0.757038
-0.756894
-0.755668
-0.755366
-0.755228
-0.754793
-0.752926
-0.752319
-0.751221
-0.75115
-0.751122
-0.750858
-0.75073
-0.750587
-0.750268
-0.74978
-0.748644
-0.748609
-0.748365
-0.748061
-0.747733
-0.747589
-0.747473
-0.747091
-0.74702
-0.746898
-0.746411
-0.745956
-0.745884
-0.745546
-0.744973
-0.744683
-0.744634
-0.744344
-0.744301
-0.743857
-0.742801
-0.742479
-0.742414
-0.742167
-0.740802
-0.740596
-0.738961
-0.738846
-0.738116
-0.73745
-0.737249
-0.737134
-0.737097
-0.736917
-0.736885
-0.73627
-0.735571
-0.735562
-0.735251
-0.735132
-0.734394
-0.733688
-0.732664
-0.732369
-0.731627
-0.731538
-0.731185
-0.730922
-0.73088
-0.730605
-0.730283
-0.730245
-0.730018
-0.730009
-0.729717
-0.729379
-0.728862
-0.728557
-0.728115
-0.728014
-0.727531
-0.727421
-0.727292
-0.727254
-0.726961
-0.726576
-0.726419
-0.725833
-0.725802
-0.725578
-0.725229
-0.725209
-0.725146
-0.723852
-0.723586
-0.723558
-0.722156
-0.721794
-0.721025
-0.720618
-0.720565
-0.720542
-0.719244
-0.71912
-0.717847
-0.717806
-0.717433
-0.716829
-0.716377
-0.716287
-0.715685
-0.715231
-0.714983
-0.714038
-0.713713
-0.712827
-0.712744
-0.711996
-0.71197
-0.711916
-0.711898
-0.711692
-0.711108
-0.710725
-0.710464
-0.710189
-0.709913
-0.709679
-0.709331
-0.709313
-0.709069
-0.709007
-0.707816
-0.707809
-0.706862
-0.706381
-0.705442
-0.70542
-0.705285
-0.704684
-0.703893
-0.703222
-0.703012
-0.702976
-0.70294
-0.702555
-0.702348
-0.701936
-0.701633
-0.701556
-0.701286
-0.701243
-0.701176
-0.701031
-0.700977
-0.700824
-0.70082
-0.700091
-0.699031
-0.698867
-0.698809
-0.698479
-0.698234
-0.697703
-0.697538
-0.697226
-0.696751
-0.696631
-0.6962
-0.69611
-0.696004
-0.695988
-0.695812
-0.695431
-0.695324
-0.695068
-0.694177
-0.693492
-0.692887
-0.692081
-0.691961
-0.691851
-0.691493
-0.691311
-0.6909
-0.690884
-0.690652
-0.690639
-0.689927
-0.689589
-0.689056
-0.688667
-0.688451
-0.688311
-0.688077
-0.687845
-0.687839
-0.687255
-0.687192
-0.686399
-0.686371
-0.686172
-0.685534
-0.685435
-0.685138
-0.684734
-0.684306
-0.684266
-0.684247
-0.684029
-0.684018
-0.683781
-0.68357
-0.683165
-0.683081
-0.682289
-0.681894
-0.681873
-0.681446
-0.68122
-0.680968
-0.680461
-0.680415
-0.680258
-0.679426
-0.678962
-0.678294
-0.67729
-0.677236
-0.676042
-0.675669
-0.675365
-0.67532
-0.674463
-0.674423
-0.674167
-0.673505
-0.673401
-0.673115
-0.672865
-0.672802
-0.672775
-0.672397
-0.672294
-0.672277
-0.671835
-0.67067
-0.670591
-0.670294
-0.669105
-0.668879
-0.667806
-0.667606
-0.667158
-0.667078
-0.666935
-0.666623
-0.666433
-0.666311
-0.666168
-0.666163
-0.66609
-0.666066
-0.664996
-0.66428
-0.663779
-0.663484
-0.663284
-0.662138
-0.662038
-0.661877
-0.661527
-0.660674
-0.660255
-0.659983
-0.659725
-0.659241
-0.658811
-0.658601
-0.658562
-0.658281
-0.65795
-0.657695
-0.657624
-0.657592
-0.657578
-0.657549
-0.656327
-0.655872
-0.655411
-0.654894
-0.654817
-0.654405
-0.65433
-0.654311
-0.654012
-0.654008
-0.653986
-0.653584
-0.65346
-0.652933
-0.652534
-0.65241
-0.652378
-0.652325
-0.651297
-0.651257
-0.650781
-0.650729
-0.650007
-0.649934
-0.649835
-0.649763
-0.649364
-0.64877
-0.648575
-0.648492
-0.648397
-0.647926
-0.647764
-0.647102
-0.645928
-0.645914
-0.645773
-0.644918
-0.64294
-0.642931
-0.642599
-0.641704
-0.641451
-0.640954
-0.640515
-0.640506
-0.640325
-0.639474
-0.639055
-0.63886
-0.638781
-0.638528
-0.638219
-0.638104
-0.637574
-0.637385
-0.637075
-0.636102
-0.635575
-0.635523
-0.635505
-0.634886
-0.634729
-0.633771
-0.633341
-0.633208
-0.633097
-0.632846
-0.632479
-0.632464
-0.631869
-0.631473
-0.631424
-0.631382
-0.630706
-0.630559
-0.630481
-0.629359
-0.629142
-0.628348
-0.628169
-0.626682
-0.626554
-0.625972
-0.625955
-0.625666
-0.624999
-0.624825
-0.624509
-0.624506
-0.624336
-0.624171
-0.623628
-0.623628
-0.62335
-0.622942
-0.622933
-0.622808
-0.622696
-0.622082
-0.620633
-0.620007
-0.619898
-0.619793
-0.619758
-0.619209
-0.61827
-0.618262
-0.618208
-0.617329
-0.617023
-0.61559
-0.615455
-0.615363
-0.615255
-0.615086
-0.615025
-0.614423
-0.614313
-0.614293
-0.614279
-0.614132
-0.613925
-0.613639
-0.613458
-0.612664
-0.612598
-0.612065
-0.612006
-0.611303
-0.611288
-0.610949
-0.610101
-0.609887
-0.60963
-0.609583
-0.609113
-0.608974
-0.608451
-0.607724
-0.607551
-0.607093
-0.606694
-0.606396
-0.606029
-0.605299
-0.605113
-0.604155
-0.604144
-0.603905
-0.603662
-0.602834
-0.602706
-0.600758
-0.600637
-0.599966
-0.599917
-0.599875
-0.59948
-0.599123
-0.598687
-0.597996
-0.597829
-0.597532
-0.596673
-0.596536
-0.596504
-0.596443
-0.596289
-0.595805
-0.5957
-0.595597
-0.594724
-0.594706
-0.593319
-0.592934
-0.592863
-0.592568
-0.592319
-0.592286
-0.59228
-0.59223
-0.591747
-0.591594
-0.591413
-0.591306
-0.591172
-0.591036
-0.590734
-0.590464
-0.589789
-0.589693
-0.588406
-0.588271
-0.588213
-0.587887
-0.587829
-0.587654
-0.587584
-0.587338
-0.587185
-0.586421
-0.586046
-0.585912
-0.585136
-0.585082
-0.584928
-0.584919
-0.5848
-0.584197
-0.584107
-0.58402
-0.583626
-0.583328
-0.583299
-0.582769
-0.582143
-0.582077
-0.581745
-0.581368
-0.581011
-0.580991
-0.57998
-0.578836
-0.576467
-0.57638
-0.576129
-0.576021
-0.575738
-0.575624
-0.575347
-0.575216
-0.575181
-0.574792
-0.574528
-0.574504
-0.574206
-0.574164
-0.573245
-0.572699
-0.572056
-0.571979
-0.571063
-0.570403
-0.570369
-0.569955
-0.569856
-0.568914
-0.568523
-0.568137
-0.567858
-0.567748
-0.567696
-0.567084
-0.56693
-0.566265
-0.566263
-0.56558
-0.565263
-0.565128
-0.56483
-0.564393
-0.564069
-0.563902
-0.563376
-0.5633
-0.563005
-0.562965
-0.562928
-0.562872
-0.562842
-0.562596
-0.562527
-0.562285
-0.561878
-0.561477
-0.560938
-0.560841
-0.560755
-0.56075
-0.560426
-0.560368
-0.560017
-0.559815
-0.559566
-0.559471
-0.559239
-0.559196
-0.558875
-0.558721
-0.558709
-0.557736
-0.557639
-0.557033
-0.556734
-0.556529
-0.556493
-0.55625
-0.556087
-0.555418
-0.554881
-0.554851
-0.554668
-0.552746
-0.552595
-0.552543
-0.552477
-0.551913
-0.551429
-0.551249
-0.551242
-0.551131
-0.550826
-0.550482
-0.5497
-0.549235
-0.548939
-0.548811
-0.548724
-0.548075
-0.547781
-0.547622
-0.547074
-0.546911
-0.544881
-0.544518
-0.543709
-0.5434
-0.543297
-0.541965
-0.541788
-0.541724
-0.541028
-0.540853
-0.540228
-0.539852
-0.539572
-0.539567
-0.539173
-0.538685
-0.537895
-0.537857
-0.537409
-0.537371
-0.537349
-0.53719
-0.535962
-0.535743
-0.535537
-0.534803
-0.534393
-0.534319
-0.534224
-0.534142
-0.533588
-0.532797
-0.53222
-0.531121
-0.531072
-0.530906
-0.530693
-0.530433
-0.530365
-0.530246
-0.530112
-0.529831
-0.529692
-0.528855
-0.528467
-0.527793
-0.527746
-0.527371
-0.527199
-0.527144
-0.525192
-0.524922
-0.524856
-0.524582
-0.524571
-0.524568
-0.524474
-0.524061
-0.524061
-0.523903
-0.523439
-0.522983
-0.522959
-0.522186
-0.521654
-0.521637
-0.521236
-0.521217
-0.521126
-0.520418
-0.520073
-0.519906
-0.519519
-0.518882
-0.518849
-0.51835
-0.518235
-0.518103
-0.517973
-0.516935
-0.516905
-0.516173
-0.516121
-0.515966
-0.515506
-0.515464
-0.515355
-0.515138
-0.515013
-0.514789
-0.513004
-0.51246
-0.512311
-0.512281
-0.512123
-0.512052
-0.512001
-0.51176
-0.511626
-0.511407
-0.511227
-0.510934
-0.509975
-0.50936
-0.509079
-0.509068
-0.508597
-0.507868
-0.507771
-0.507154
-0.50674
-0.506644
-0.506441
-0.505944
-0.505453
-0.505321
-0.505264
-0.505241
-0.504546
-0.504526
-0.504326
-0.504259
-0.504215
-0.504015
-0.503303
-0.50288
-0.502855
-0.502661
-0.502466
-0.502413
-0.50238
-0.502276
-0.502238
-0.501558
-0.500771
-0.500498
-0.500443
-0.500179
-0.499405
-0.498768
-0.497594
-0.49743
-0.497252
-0.49635
-0.496046
-0.49586
-0.495782
-0.495732
-0.495669
-0.49562
-0.495264
-0.495141
-0.49467
-0.494484
-0.494228
-0.494161
-0.493817
-0.493585
-0.493464
-0.493084
-0.492788
-0.492769
-0.49198
-0.490896
-0.490774
-0.490675
-0.490386
-0.490333
-0.49004
-0.489934
-0.489885
-0.489662
-0.489276
-0.489101
-0.489048
-0.489016
-0.488306
-0.487727
-0.486866
-0.486645
-0.486639
-0.486286
-0.486243
-0.485952
-0.484852
-0.484806
-0.484792
-0.484531
-0.483854
-0.483139
-0.482004
-0.481632
-0.481461
-0.480468
-0.479842
-0.479155
-0.478628
-0.478503
-0.478444
-0.47836
-0.478334
-0.47744
-0.476466
-0.474994
-0.474876
-0.474341
-0.473951
-0.473683
-0.47358
-0.473024
-0.472781
-0.472485
-0.472153
-0.472102
-0.471293
-0.471032
-0.471013
-0.470254
-0.469045
-0.468665
-0.468593
-0.467817
-0.467708
-0.467642
-0.467634
-0.466725
-0.466421
-0.465899
-0.465526
-0.465188
-0.464715
-0.464443
-0.46391
-0.463407
-0.463169
-0.462785
-0.462624
-0.462452
-0.462253
-0.4622
-0.462175
-0.462114
-0.461442
-0.46112
-0.460867
-0.460851
-0.46074
-0.460661
-0.460623
-0.46053
-0.459227
-0.458641
-0.458504
-0.458323
-0.45784
-0.457517
-0.457405
-0.456136
-0.456129
-0.456018
-0.455693
-0.455417
-0.455167
-0.455075
-0.454993
-0.45446
-0.454395
-0.454295
-0.453701
-0.453672
-0.453618
-0.453351
-0.453117
-0.453005
-0.452829
-0.452614
-0.452183
-0.451437
-0.451051
-0.450889
-0.450697
-0.450642
-0.450611
-0.450459
-0.45002
-0.449801
-0.449712
-0.449297
-0.449067
-0.449009
-0.44899
-0.448719
-0.44806
-0.447895
-0.447282
-0.447244
-0.447213
-0.447199
-0.446903
-0.446828
-0.446709
-0.446214
-0.445537
-0.444332
-0.443967
-0.443767
-0.443646
-0.443633
-0.443251
-0.443173
-0.443137
-0.443095
-0.442446
-0.442197
-0.442158
-0.442002
-0.441857
-0.441569
-0.441517
-0.441039
-0.44103
-0.440934
-0.440837
-0.440394
-0.439932
-0.439587
-0.439572
-0.437437
-0.436801
-0.436797
-0.436489
-0.436289
-0.436046
-0.43603
-0.435603
-0.435242
-0.434145
-0.434067
-0.433967
-0.432304
-0.432134
-0.432113
-0.431975
-0.431181
-0.430859
-0.430313
-0.430046
-0.429683
-0.429343
-0.42919
-0.42898
-0.42866
-0.42828
-0.428265
-0.427931
-0.427627
-0.426726
-0.42632
-0.426172
-0.426055
-0.425868
-0.425518
-0.425377
-0.425033
-0.424804
-0.424647
-0.424277
-0.424106
-0.424026
-0.423586
-0.423407
-0.423013
-0.422955
-0.422504
-0.422356
-0.421956
-0.421539
-0.421302
-0.42122
-0.421171
-0.420572
-0.420541
-0.420441
-0.420307
-0.420234
-0.419958
-0.419789
-0.419709
-0.419288
-0.418753
-0.418744
-0.417826
-0.417692
-0.417545
-0.416703
-0.416199
-0.415865
-0.415645
-0.415314
-0.415302
-0.414633
-0.41428
-0.414105
-0.414047
-0.413786
-0.413192
-0.412934
-0.412918
-0.412462
-0.411999
-0.411957
-0.411807
-0.411522
-0.410863
-0.410461
-0.409278
-0.40889
-0.408768
-0.408418
-0.408217
-0.407962
-0.407592
-0.407282
-0.407159
-0.407146
-0.406878
-0.406462
-0.405775
-0.404822
-0.404645
-0.404425
-0.404096
-0.403242
-0.403148
-0.403138
-0.402996
-0.402876
-0.402542
-0.402352
-0.402323
-0.402116
-0.402082
-0.401687
-0.401643
-0.40159
-0.401401
-0.401348
-0.401109
-0.400785
-0.400553
-0.400533
-0.400329
-0.399996
-0.399857
-0.399659
-0.399443
-0.398846
-0.39878
-0.398405
-0.398029
-0.397602
-0.397525
-0.397236
-0.396858
-0.396669
-0.396412
-0.396406
-0.395996
-0.395932
-0.395546
-0.394734
-0.394576
-0.394549
-0.393987
-0.39389
-0.392896
-0.392832
-0.392715
-0.391841
-0.391715
-0.391644
-0.391251
-0.391214
-0.390868
-0.390697
-0.390538
-0.390145
-0.389712
-0.389662
-0.389591
-0.389191
-0.388057
-0.38804
-0.387829
-0.38593
-0.385681
-0.384493
-0.384126
-0.383688
-0.383551
-0.383152
-0.382517
-0.382078
-0.381878
-0.381668
-0.381564
-0.381265
-0.381148
-0.381013
-0.380739
-0.379913
-0.379861
-0.379441
-0.379413
-0.379031
-0.378411
-0.377908
-0.377844
-0.377732
-0.377715
-0.377452
-0.377279
-0.376682
-0.376329
-0.376264
-0.376261
-0.376141
-0.376092
-0.376002
-0.37583
-0.375209
-0.374968
-0.374017
-0.37369
-0.373662
-0.372634
-0.372115
-0.371983
-0.371923
-0.37156
-0.370992
-0.370671
-0.370344
-0.370286
-0.37008
-0.369727
-0.368732
-0.368625
-0.368507
-0.368136
-0.36778
-0.367641
-0.367634
-0.366959
-0.366001
-0.365854
-0.365769
-0.365625
-0.364017
-0.364005
-0.363953
-0.362633
-0.36242
-0.362219
-0.362181
-0.360875
-0.360764
-0.36034
-0.359438
-0.359192
-0.35887
-0.356714
-0.356356
-0.356097
-0.355271
-0.355155
-0.354903
-0.354627
-0.354485
-0.35448
-0.354326
-0.354138
-0.35403
-0.353899
-0.353411
-0.353329
-0.353123
-0.352944
-0.352907
-0.352788
-0.352643
-0.3526
-0.35235
-0.352184
-0.352071
-0.351816
-0.351778
-0.351732
-0.351681
-0.351667
-0.351217
-0.350268
-0.349177
-0.348813
-0.348423
-0.347639
-0.347601
-0.346498
-0.346442
-0.346286
-0.345604
-0.34547
-0.34544
-0.344418
-0.344203
-0.343961
-0.343414
-0.342756
-0.342685
-0.342623
-0.34257
-0.34229
-0.341615
-0.341413
-0.341089
-0.341054
-0.340957
-0.339767
-0.337874
-0.337698
-0.337622
-0.337259
-0.336662
-0.336606
-0.335819
-0.333782
-0.333261
-0.333034
-0.332961
-0.332859
-0.332824
-0.332525
-0.332365
-0.332166
-0.331967
-0.331598
-0.331481
-0.331401
-0.331348
-0.331031
-0.330974
-0.330343
-0.330039
-0.329751
-0.329721
-0.329697
-0.329485
-0.329003
-0.328994
-0.328774
-0.328375
-0.328331
-0.328215
-0.327932
-0.327489
-0.326785
-0.326785
-0.326715
-0.326373
-0.326237
-0.326221
-0.326001
-0.325992
-0.325669
-0.32533
-0.325324
-0.325256
-0.324543
-0.324324
-0.324157
-0.323232
-0.323191
-0.322583
-0.322471
-0.322381
-0.322365
-0.322243
-0.322209
-0.322037
-0.321968
-0.321877
-0.3213
-0.32117
-0.321145
-0.32094
-0.320727
-0.320376
-0.319758
-0.319548
-0.318991
-0.318772
-0.318762
-0.31826
-0.317773
-0.317667
-0.316956
-0.316586
-0.316503
-0.316362
-0.315826
-0.31553
-0.315469
-0.315329
-0.314911
-0.314812
-0.314234
-0.314211
-0.314008
-0.313963
-0.313846
-0.313662
-0.313573
-0.313251
-0.312784
-0.312458
-0.31205
-0.311975
-0.311939
-0.311774
-0.311698
-0.311426
-0.311152
-0.311106
-0.310912
-0.31048
-0.310404
-0.310339
-0.310288
-0.310269
-0.310031
-0.309979
-0.30974
-0.309665
-0.309437
-0.309297
-0.309109
-0.308906
-0.308519
-0.30847
-0.307747
-0.307273
-0.307178
-0.306485
-0.306117
-0.30605
-0.305936
-0.305663
-0.305357
-0.305241
-0.30521
-0.304966
-0.304822
-0.30477
-0.304647
-0.304602
-0.302259
-0.302169
-0.301756
-0.30137
-0.30078
-0.300598
-0.300343
-0.299664
-0.299495
-0.29944
-0.29919
-0.299086
-0.298969
-0.298452
-0.298167
-0.297817
-0.297771
-0.297684
-0.297061
-0.296679
-0.296562
-0.296165
-0.296021
-0.295209
-0.295078
-0.294901
-0.294788
-0.294742
-0.2944
-0.294098
-0.294011
-0.293939
-0.293829
-0.293258
-0.29283
-0.292672
-0.29256
-0.292207
-0.291872
-0.291752
-0.291676
-0.291295
-0.290943
-0.290704
-0.290052
-0.289894
-0.28951
-0.289231
-0.288822
-0.288394
-0.288227
-0.288087
-0.287604
-0.287194
-0.286663
-0.286195
-0.286153
-0.286109
-0.285922
-0.285342
-0.285163
-0.284594
-0.283617
-0.283572
-0.283315
-0.283277
-0.28325
-0.282514
-0.282241
-0.282129
-0.280971
-0.280724
-0.280427
-0.280288
-0.279946
-0.279907
-0.279638
-0.279522
-0.278966
-0.278911
-0.278492
-0.278471
-0.277593
-0.277314
-0.277095
-0.277036
-0.276861
-0.276799
-0.276754
-0.276208
-0.276194
-0.276107
-0.275721
-0.275589
-0.275538
-0.275358
-0.275184
-0.275143
-0.275093
-0.274584
-0.274281
-0.274012
-0.273805
-0.273655
-0.273312
-0.273084
-0.272803
-0.272787
-0.272693
-0.271607
-0.271079
-0.270982
-0.270374
-0.270353
-0.269643
-0.268861
-0.268794
-0.268024
-0.267566
-0.267479
-0.267075
-0.266903
-0.266806
-0.266339
-0.265463
-0.264504
-0.264244
-0.263935
-0.263891
-0.263288
-0.263203
-0.263199
-0.262931
-0.262555
-0.262152
-0.261529
-0.261208
-0.260526
-0.260352
-0.260064
-0.25992
-0.259729
-0.259615
-0.259575
-0.25948
-0.259091
-0.258878
-0.258306
-0.258071
-0.25765
-0.257623
-0.257385
-0.257022
-0.256661
-0.256498
-0.256436
-0.256231
-0.255926
-0.255793
-0.255782
-0.255741
-0.255616
-0.255408
-0.255343
-0.255186
-0.253594
-0.252883
-0.25274
-0.252651
-0.252231
-0.251761
-0.251646
-0.251078
-0.250858
-0.25083
-0.250583
-0.249964
-0.249937
-0.249812
-0.249767
-0.249672
-0.24865
-0.247014
-0.246745
-0.246668
-0.2465
-0.246363
-0.246262
-0.246138
-0.245977
-0.245935
-0.245254
-0.244717
-0.244609
-0.244486
-0.242985
-0.242803
-0.242692
-0.242388
-0.242148
-0.241813
-0.241764
-0.241483
-0.24105
-0.240803
-0.240461
-0.2401
-0.239862
-0.239323
-0.239159
-0.23805
-0.237881
-0.237843
-0.23691
-0.236045
-0.235817
-0.235774
-0.234633
-0.234608
-0.234304
-0.233962
-0.233599
-0.233262
-0.233173
-0.232435
-0.231988
-0.231664
-0.230665
-0.229569
-0.228437
-0.22823
-0.227566
-0.22727
-0.226088
-0.225844
-0.225632
-0.225512
-0.225001
-0.224855
-0.224792
-0.224694
-0.224632
-0.224602
-0.2243
-0.223682
-0.22355
-0.223459
-0.222708
-0.222521
-0.221782
-0.221611
-0.221089
-0.22107
-0.220702
-0.220694
-0.220476
-0.22038
-0.220301
-0.220001
-0.219944
-0.219445
-0.219393
-0.219044
-0.218663
-0.218404
-0.218136
-0.217962
-0.217709
-0.21743
-0.217049
-0.216896
-0.216697
-0.216095
-0.216032
-0.215617
-0.214946
-0.214764
-0.214518
-0.214461
-0.214156
-0.214096
-0.214054
-0.213381
-0.21266
-0.212336
-0.211932
-0.211833
-0.210707
-0.210508
-0.210465
-0.210233
-0.210011
-0.209862
-0.209821
-0.208424
-0.207927
-0.207645
-0.207328
-0.207318
-0.20729
-0.206754
-0.206259
-0.205682
-0.205642
-0.205392
-0.205209
-0.205185
-0.204755
-0.204432
-0.204407
-0.204252
-0.204102
-0.203729
-0.203277
-0.202666
-0.202492
-0.202477
-0.201821
-0.201589
-0.201131
-0.201052
-0.200647
-0.200609
-0.200485
-0.200426
-0.200168
-0.199518
-0.199131
-0.198649
-0.198092
-0.197955
-0.19787
-0.19787
-0.197631
-0.197443
-0.197282
-0.195863
-0.195621
-0.195489
-0.195375
-0.195343
-0.195217
-0.195162
-0.195095
-0.194764
-0.194338
-0.194177
-0.194071
-0.193928
-0.193671
-0.193169
-0.192704
-0.192678
-0.191722
-0.191455
-0.191322
-0.191272
-0.190864
-0.190383
-0.190353
-0.189513
-0.189119
-0.188894
-0.18878
-0.188567
-0.188323
-0.188151
-0.187818
-0.187197
-0.186271
-0.186223
-0.185508
-0.185123
-0.184383
-0.184368
-0.18388
-0.183384
-0.182797
-0.182474
-0.182427
-0.182266
-0.182123
-0.182044
-0.181784
-0.181311
-0.181255
-0.181171
-0.181101
-0.18107
-0.18089
-0.180788
-0.180393
-0.180005
-0.179979
-0.179936
-0.179559
-0.17849
-0.178389
-0.178251
-0.177345
-0.177127
-0.176804
-0.176762
-0.176547
-0.17587
-0.175689
-0.175473
-0.175112
-0.174397
-0.173986
-0.173636
-0.173089
-0.172533
-0.172161
-0.170981
-0.170755
-0.170644
-0.170341
-0.17018
-0.170096
-0.169963
-0.16974
-0.169231
-0.168939
-0.168673
-0.168358
-0.168229
-0.168169
-0.168096
-0.168031
-0.167817
-0.167696
-0.167614
-0.167349
-0.167141
-0.167109
-0.166803
-0.166583
-0.16597
-0.165968
-0.165836
-0.165643
-0.164866
-0.164855
-0.164469
-0.16428
-0.16397
-0.163865
-0.162753
-0.162549
-0.162278
-0.160422
-0.160248
-0.160229
-0.160106
-0.160028
-0.159952
-0.159191
-0.158674
-0.15865
-0.158634
-0.158512
-0.158389
-0.158297
-0.157273
-0.157126
-0.157082
-0.156745
-0.156624
-0.155234
-0.15512
-0.154952
-0.154657
-0.154606
-0.154568
-0.154421
-0.154261
-0.154033
-0.153851
-0.153838
-0.153821
-0.153436
-0.15318
-0.152431
-0.152191
-0.152108
-0.15194
-0.151163
-0.150693
-0.15055
-0.15055
-0.150228
-0.150189
-0.149746
-0.149656
-0.149587
-0.148712
-0.148505
-0.148164
-0.147941
-0.147548
-0.147264
-0.14718
-0.146722
-0.146696
-0.146687
-0.146546
-0.146107
-0.145872
-0.145114
-0.144831
-0.144085
-0.144064
-0.14292
-0.142831
-0.142803
-0.142453
-0.142181
-0.141236
-0.140703
-0.140649
-0.140179
-0.140078
-0.139618
-0.13864
-0.138506
-0.13794
-0.137906
-0.137697
-0.136977
-0.136725
-0.136006
-0.13583
-0.135613
-0.135253
-0.135134
-0.135129
-0.134067
-0.133631
-0.13355
-0.133472
-0.133403
-0.13294
-0.13282
-0.132614
-0.132358
-0.131871
-0.131766
-0.131758
-0.131218
-0.131206
-0.130741
-0.130447
-0.130373
-0.130041
-0.129892
-0.129572
-0.129206
-0.128837
-0.128677
-0.128361
-0.128156
-0.128101
-0.128079
-0.128051
-0.12804
-0.127824
-0.127722
-0.127438
-0.126539
-0.126067
-0.124987
-0.124402
-0.122991
-0.122429
-0.121256
-0.121222
-0.121124
-0.120756
-0.120745
-0.120292
-0.120242
-0.120098
-0.119595
-0.119576
-0.119402
-0.119291
-0.118779
-0.118635
-0.118011
-0.117953
-0.117842
-0.117841
-0.117558
-0.117438
-0.11728
-0.116795
-0.116744
-0.116596
-0.116397
-0.116355
-0.115974
-0.11587
-0.11557
-0.115257
-0.11404
-0.113449
-0.113427
-0.113259
-0.112859
-0.11265
-0.112354
-0.112276
-0.111596
-0.111483
-0.110045
-0.109663
-0.109562
-0.109341
-0.109121
-0.108741
-0.108453
-0.108285
-0.107499
-0.107409
-0.107076
-0.106636
-0.106613
-0.105774
-0.105433
-0.105064
-0.104994
-0.104764
-0.104621
-0.104429
-0.104143
-0.104096
-0.104009
-0.103695
-0.103379
-0.103195
-0.102652
-0.102215
-0.102101
-0.101836
-0.101769
-0.101504
-0.101109
-0.100948
-0.100824
-0.100692
-0.100279
-0.0998903
-0.0997278
-0.0983428
-0.0981127
-0.0980536
-0.0980378
-0.0978008
-0.0974241
-0.0973926
-0.0958384
-0.0951975
-0.0950508
-0.0946788
-0.0932162
-0.0919408
-0.091778
-0.0917671
-0.0914687
-0.0909244
-0.0905399
-0.0889639
-0.0886728
-0.0884078
-0.0881243
-0.0878062
-0.0877157
-0.0873203
-0.087268
-0.0867889
-0.08544
-0.0853763
-0.0847874
-0.0847733
-0.0836896
-0.083101
-0.082993
-0.0827993
-0.0827958
-0.0827254
-0.0820879
-0.0816413
-0.0815975
-0.0815171
-0.0812251
-0.0811845
-0.0803541
-0.0800679
-0.0800509
-0.0797888
-0.0794016
-0.0792549
-0.0792331
-0.078054
-0.0779586
-0.0776692
-0.0771034
-0.0766242
-0.0763448
-0.0760608
-0.07601
-0.0758735
-0.0758106
-0.0755593
-0.0752705
-0.0751825
-0.0747063
-0.0739657
-0.073788
-0.073683
-0.0736302
-0.0733705
-0.073227
-0.0726911
-0.07259
-0.0717896
-0.071708
-0.0713139
-0.0712328
-0.0709676
-0.0705265
-0.0705125
-0.069891
-0.0696672
-0.0696313
-0.0694768
-0.0694669
-0.068662
-0.0684701
-0.0683214
-0.0682168
-0.0675119
-0.0672056
-0.0669618
-0.066862
-0.0666507
-0.0665947
-0.066379
-0.0662566
-0.0659343
-0.0657674
-0.0655418
-0.0647862
-0.0645842
-0.0641835
-0.0638911
-0.0637234
-0.0636705
-0.0636393
-0.0634892
-0.063376
-0.0628849
-0.0626727
-0.0626117
-0.0623847
-0.0620967
-0.0618987
-0.0618901
-0.0611365
-0.0606516
-0.0605895
-0.0601728
-0.0599228
-0.0598642
-0.0597441
-0.0597145
-0.0592218
-0.0591091
-0.058831
-0.058595
-0.0581136
-0.0579638
-0.0578473
-0.0576967
-0.057272
-0.0564927
-0.056315
-0.055723
-0.0555931
-0.0555617
-0.055097
-0.0547855
-0.0547088
-0.0542457
-0.0541202
-0.0537967
-0.0537343
-0.0529048
-0.0527304
-0.0525134
-0.0524086
-0.0521922
-0.0521677
-0.0521
-0.0515583
-0.0511653
-0.0508539
-0.0500373
-0.0493728
-0.0492144
-0.0490458
-0.04899
-0.0488377
-0.0481793
-0.0477966
-0.0476857
-0.046485
-0.0461544
-0.0453717
-0.0452102
-0.0451534
-0.0449235
-0.0447459
-0.0444029
-0.0441255
-0.0439104
-0.0435956
-0.0434221
-0.0433311
-0.0431875
-0.0423452
-0.0421702
-0.0418265
-0.0416238
-0.0415298
-0.0408139
-0.0406952
-0.0406918
-0.0406404
-0.0402714
-0.0393829
-0.0392634
-0.0390945
-0.0389628
-0.0389548
-0.0383704
-0.0383557
-0.0375555
-0.0372762
-0.0367266
-0.0365539
-0.0361936
-0.0359122
-0.0356778
-0.0339236
-0.0338842
-0.0338451
-0.0338407
-0.0337461
-0.0336586
-0.0335408
-0.0335124
-0.0321392
-0.0318844
-0.0318064
-0.0316804
-0.0316311
-0.0314263
-0.0312236
-0.0311563
-0.0308653
-0.0307535
-0.0307407
-0.0303012
-0.0302149
-0.0301425
-0.0299192
-0.029569
-0.02884
-0.0283457
-0.0283255
-0.0279298
-0.0272288
-0.027076
-0.0267267
-0.0266993
-0.0263313
-0.0262991
-0.0261543
-0.0260749
-0.0257989
-0.0246137
-0.024373
-0.0242396
-0.0230805
-0.0227135
-0.0227008
-0.0224999
-0.0221632
-0.0218857
-0.0217852
-0.021726
-0.0213227
-0.0212846
-0.0211352
-0.0205803
-0.0198124
-0.0195552
-0.0194582
-0.0192436
-0.0189957
-0.0189326
-0.0187601
-0.018714
-0.0185802
-0.0184436
-0.0184393
-0.0175196
-0.0171036
-0.0170526
-0.0167355
-0.0162919
-0.0155273
-0.0154246
-0.0148057
-0.0147453
-0.0146938
-0.0145892
-0.0142962
-0.0140281
-0.0135605
-0.0135194
-0.0134846
-0.0133824
-0.0132995
-0.0129781
-0.0129741
-0.0128076
-0.0122461
-0.0114545
-0.0114175
-0.0111843
-0.0111463
-0.0110706
-0.0108971
-0.0105025
-0.010347
-0.00992009
-0.00985252
-0.00984894
-0.00893809
-0.00844461
-0.00831686
-0.00755104
-0.00739128
-0.00706834
-0.00686976
-0.00680489
-0.00676806
-0.00646074
-0.00635516
-0.00621369
-0.00603458
-0.00535036
-0.00526128
-0.0050277
-0.00485552
-0.0045917
-0.00443193
-0.00438743
-0.00418336
-0.00359983
-0.00292319
-0.00277569
-0.00260192
-0.00257088
-0.0025293
-0.00239318
-0.00168236
-0.00144712
-0.00144656
-0.00140519
-0.00122503
-0.00094469
-0.000937024
-0.000581895
-0.000512961
0.000502301
0.000985121
0.00116293
0.00134763
0.00139755
0.00151631
0.00167863
0.00177128
0.00218043
0.00238423
0.00256111
0.00294071
0.00351909
0.00353098
0.00375184
0.00396849
0.00416089
0.0047744
0.00513476
0.00571962
0.00609147
0.0061466
0.00627554
0.00635318
0.00640981
0.00675333
0.00719125
0.00732928
0.00761951
0.00775152
0.0080034
0.00821034
0.0090634
0.0102655
0.0107537
0.0108326
0.0112143
0.0113366
0.0115333
0.0116456
0.0124995
0.0125333
0.0127051
0.0127089
0.0132293
0.0132359
0.0134991
0.0136653
0.0137448
0.0140971
0.0144469
0.014499
0.0147643
0.0148656
0.0151293
0.0154903
0.0165228
0.0165334
0.0166235
0.0166645
0.0167119
0.0168945
0.0171092
0.0172358
0.0177047
0.0180793
0.0183249
0.0187295
0.0189289
0.0193758
0.0196176
0.0196287
0.0210569
0.0215195
0.0219723
0.0220854
0.022506
0.022533
0.0225929
0.0230454
0.0230826
0.0232848
0.0233808
0.0238076
0.0238856
0.0240179
0.0244738
0.0245299
0.0245876
0.025201
0.0253916
0.0258387
0.0259343
0.026192
0.0265812
0.0266122
0.0266296
0.0267674
0.0268435
0.0268581
0.0269747
0.0270004
0.0273987
0.0276158
0.0278102
0.0278362
0.0279586
0.028025
0.0282413
0.0285271
0.0289827
0.0295605
0.0295629
0.0298232
0.0299613
0.0305469
0.0311113
0.0312515
0.0313084
0.0313764
0.0315826
0.0318583
0.0318945
0.032032
0.0322145
0.0322654
0.0322755
0.0328825
0.03294
0.0331607
0.0331889
0.0333846
0.0335887
0.0342998
0.0347753
0.0348738
0.0350107
0.0351117
0.0353189
0.0354479
0.0357555
0.0357907
0.0360954
0.0370356
0.0383275
0.0388658
0.0390475
0.0392519
0.0393313
0.0395039
0.0396876
0.0411993
0.0413464
0.0415501
0.0416664
0.0418342
0.0422595
0.0423893
0.0423993
0.0424183
0.042425
0.0425369
0.0428658
0.0429837
0.0431774
0.0437978
0.0439842
0.0448634
0.0451214
0.0456271
0.0456511
0.0458414
0.04616
0.0463497
0.0464227
0.0466564
0.0467307
0.0479024
0.0479033
0.0479195
0.0489339
0.049203
0.0492863
0.0495345
0.049949
0.0500904
0.0502299
0.050232
0.0503582
0.0504738
0.0505746
0.0506171
0.0507876
0.0513616
0.0522258
0.0524548
0.0525658
0.0527639
0.05282
0.0529468
0.0531714
0.054094
0.0545419
0.0545988
0.0554443
0.0555068
0.0556297
0.0557321
0.0558089
0.0558209
0.0559642
0.0561718
0.056248
0.0562991
0.0563958
0.0569037
0.0571992
0.05747
0.0578279
0.0594618
0.05955
0.0602331
0.0605767
0.060674
0.0607613
0.0609299
0.0611041
0.0612542
0.0617576
0.0626557
0.0629746
0.0633349
0.0634697
0.0638833
0.0638896
0.0640967
0.064116
0.0648451
0.0648475
0.0659402
0.0659549
0.0665208
0.0668427
0.0673867
0.0677311
0.0680064
0.0681431
0.0682156
0.0684846
0.0686303
0.0690228
0.0692081
0.0693409
0.0698559
0.0702575
0.0703129
0.0704847
0.0705195
0.0714752
0.0719336
0.0722921
0.0723091
0.0726012
0.0732083
0.0732789
0.0733001
0.0733305
0.0733666
0.0737622
0.0739527
0.0740425
0.0740922
0.0741299
0.0742217
0.0742422
0.0743522
0.0747645
0.0752627
0.0755262
0.0758164
0.0758891
0.0763082
0.0764018
0.0766305
0.0770573
0.0775686
0.0776462
0.077733
0.0778076
0.0778739
0.0780711
0.0781331
0.0783381
0.078403
0.0787635
0.0798202
0.0801001
0.0801033
0.0808089
0.0813041
0.0822825
0.0830062
0.0830159
0.0833876
0.0835081
0.0840651
0.0845702
0.0845848
0.0852223
0.0864437
0.0866543
0.0868965
0.087225
0.0875405
0.0891892
0.0899616
0.0899904
0.0899955
0.0900848
0.0920724
0.0923151
0.092368
0.0929438
0.0930321
0.0932347
0.0940696
0.0941357
0.094601
0.0949158
0.0950612
0.0952112
0.0955186
0.0958163
0.0963103
0.0967621
0.0978426
0.0982452
0.0983548
0.0984919
0.0989135
0.0995174
0.0997295
0.0998988
0.100367
0.101054
0.101363
0.101943
0.102663
0.102784
0.103086
0.103092
0.103175
0.103526
0.103566
0.103739
0.104012
0.104103
0.104143
0.104271
0.104374
0.104475
0.105125
0.105896
0.106086
0.107049
0.107127
0.10744
0.10768
0.107934
0.108247
0.108269
0.108555
0.10886
0.109297
0.109406
0.10958
0.109666
0.110392
0.110626
0.11077
0.110801
0.11095
0.111108
0.111309
0.111948
0.112507
0.112728
0.11352
0.11417
0.11424
0.114291
0.114339
0.114526
0.115051
0.11564
0.115671
0.116179
0.116832
0.117026
0.117846
0.118013
0.119306
0.119751
0.119937
0.120141
0.120273
0.120579
0.120695
0.120712
0.120786
0.120856
0.120904
0.121689
0.121998
0.122213
0.122263
0.123312
0.12338
0.123789
0.124076
0.124278
0.124284
0.124669
0.124811
0.125105
0.125157
0.125293
0.125356
0.125436
0.125973
0.126837
0.127735
0.127864
0.128003
0.128141
0.128882
0.12908
0.129362
0.129388
0.129588
0.130625
0.13213
0.133108
0.133205
0.133662
0.134014
0.134378
0.134393
0.134455
0.134745
0.135119
0.135132
0.135209
0.135231
0.135358
0.135815
0.1359
0.136435
0.137244
0.137355
0.13786
0.138763
0.139069
0.139096
0.139177
0.139733
0.13974
0.139795
0.14005
0.140524
0.140581
0.140754
0.140942
0.140968
0.141528
0.141687
0.142238
0.142258
0.142468
0.142839
0.143066
0.143136
0.143218
0.144181
0.144692
0.14519
0.145979
0.1462
0.146902
0.146954
0.147148
0.147349
0.147466
0.147565
0.14767
0.148028
0.148279
0.149004
0.149653
0.149672
0.150483
0.150592
0.150847
0.151026
0.151461
0.151464
0.151512
0.151634
0.151718
0.151872
0.151973
0.152084
0.152168
0.152236
0.15288
0.153256
0.153272
0.15332
0.153491
0.153767
0.153851
0.153956
0.154145
0.154226
0.15447
0.154843
0.155336
0.156064
0.156214
0.156417
0.156572
0.156774
0.156941
0.157131
0.157793
0.158493
0.158521
0.15869
0.15878
0.159239
0.15941
0.159496
0.159542
0.159691
0.160065
0.160109
0.160394
0.160394
0.160781
0.160799
0.161131
0.161178
0.161323
0.161355
0.161372
0.161988
0.162353
0.162399
0.162564
0.162672
0.163203
0.163349
0.163532
0.163978
0.164169
0.164452
0.164512
0.164636
0.164644
0.164671
0.164904
0.165153
0.165994
0.166391
0.166532
0.166582
0.166706
0.166942
0.166979
0.16714
0.168057
0.168441
0.168773
0.169037
0.169413
0.170071
0.170136
0.170371
0.170998
0.171428
0.171472
0.172457
0.17278
0.172834
0.17351
0.173625
0.173977
0.174829
0.174838
0.175103
0.175224
0.175263
0.175371
0.175449
0.175608
0.176666
0.177195
0.17768
0.17871
0.179855
0.180009
0.181242
0.181845
0.182144
0.182168
0.182353
0.182659
0.182756
0.182877
0.18293
0.183156
0.183186
0.18338
0.183899
0.18392
0.184076
0.184162
0.184199
0.184669
0.184808
0.184984
0.185006
0.185217
0.185265
0.185533
0.185684
0.186027
0.186331
0.187621
0.188406
0.188491
0.188838
0.189196
0.18931
0.189947
0.189967
0.190467
0.190508
0.190549
0.190808
0.190828
0.191072
0.191212
0.191374
0.191519
0.19154
0.191797
0.192614
0.193105
0.193238
0.193418
0.193481
0.193567
0.194161
0.195082
0.195206
0.195439
0.195599
0.195735
0.195788
0.196262
0.196625
0.196924
0.197524
0.197672
0.197981
0.198226
0.198235
0.198315
0.198651
0.198925
0.198982
0.199189
0.199292
0.199381
0.199575
0.200461
0.200861
0.200879
0.200946
0.200997
0.20133
0.201709
0.2018
0.202457
0.202466
0.20286
0.203025
0.203056
0.203067
0.203554
0.203961
0.204371
0.20456
0.204683
0.204688
0.204699
0.204838
0.204845
0.20485
0.205434
0.205526
0.206913
0.207081
0.207437
0.207531
0.207813
0.207851
0.208093
0.208406
0.208689
0.208894
0.209969
0.210377
0.21042
0.210515
0.210538
0.210545
0.210915
0.211188
0.211644
0.211788
0.211999
0.212314
0.21273
0.212872
0.21353
0.213612
0.214605
0.215091
0.21565
0.216182
0.216945
0.217054
0.217332
0.217391
0.218044
0.218256
0.218661
0.220006
0.220039
0.220239
0.220267
0.220382
0.2206
0.22082
0.221523
0.221627
0.221819
0.221855
0.223354
0.223394
0.224329
0.224413
0.22453
0.224583
0.224885
0.225175
0.225315
0.225732
0.225743
0.225976
0.22634
0.227158
0.22804
0.228224
0.228838
0.228878
0.228978
0.229041
0.230219
0.230696
0.23074
0.231037
0.232114
0.232643
0.23319
0.233704
0.234017
0.234993
0.235339
0.236478
0.236753
0.236937
0.237288
0.237674
0.237696
0.238135
0.238174
0.238509
0.238697
0.238699
0.238972
0.239532
0.239628
0.239979
0.240494
0.241559
0.241895
0.242138
0.242195
0.242341
0.242606
0.243082
0.243518
0.243564
0.243683
0.243846
0.244023
0.244142
0.244287
0.244618
0.244807
0.245042
0.245121
0.245258
0.246431
0.246555
0.246741
0.24687
0.247176
0.247341
0.247996
0.248379
0.248516
0.248751
0.249127
0.249416
0.249775
0.250012
0.250051
0.250487
0.250877
0.250966
0.251084
0.25145
0.252754
0.252983
0.253113
0.253505
0.253865
0.254086
0.254316
0.254532
0.254642
0.255287
0.255315
0.255748
0.256731
0.257122
0.257326
0.257601
0.257679
0.258097
0.258281
0.258326
0.258337
0.258566
0.260007
0.261351
0.261897
0.262195
0.262736
0.262855
0.263099
0.264057
0.264124
0.264884
0.265121
0.266703
0.2668
0.266897
0.267794
0.267958
0.268021
0.268321
0.268338
0.268527
0.268933
0.268942
0.269042
0.269489
0.269694
0.270145
0.270185
0.270244
0.270332
0.270696
0.270809
0.270826
0.270918
0.271076
0.271442
0.27169
0.27172
0.27198
0.272199
0.272819
0.272925
0.273017
0.273306
0.273649
0.274078
0.274568
0.274656
0.274744
0.274872
0.275761
0.275872
0.276085
0.276318
0.276765
0.276776
0.276784
0.276923
0.277113
0.277269
0.277722
0.278172
0.278415
0.278571
0.278955
0.279413
0.279774
0.27982
0.279975
0.28019
0.280202
0.280292
0.281143
0.281165
0.28122
0.281574
0.281632
0.281706
0.28223
0.282237
0.282557
0.282792
0.283329
0.283593
0.283791
0.284022
0.284238
0.284517
0.284874
0.285664
0.285711
0.28575
0.286316
0.286321
0.286898
0.286958
0.286963
0.287039
0.287304
0.287494
0.287608
0.289948
0.291478
0.292121
0.292504
0.293029
0.29356
0.294118
0.294634
0.294691
0.294782
0.295069
0.295186
0.295511
0.295564
0.295667
0.296094
0.296237
0.297392
0.297517
0.29769
0.29777
0.298107
0.298163
0.298246
0.298473
0.298497
0.298942
0.299101
0.299234
0.299594
0.299607
0.299823
0.299889
0.300701
0.301154
0.301353
0.301561
0.30171
0.301815
0.301884
0.302052
0.302356
0.303018
0.303104
0.303669
0.303772
0.304078
0.304463
0.304784
0.30482
0.30515
0.305428
0.305431
0.305565
0.305802
0.306165
0.306192
0.306383
0.306925
0.307636
0.307697
0.307898
0.308484
0.30873
0.309257
0.309273
0.310196
0.31079
0.311375
0.311534
0.311645
0.312094
0.312153
0.312306
0.312698
0.312887
0.313157
0.314289
0.314475
0.314614
0.315025
0.315862
0.315914
0.31609
0.31649
0.316907
0.317245
0.317597
0.317706
0.317773
0.318196
0.318202
0.318452
0.318474
0.318511
0.318582
0.318897
0.318953
0.320451
0.320805
0.320998
0.321031
0.321135
0.321274
0.321398
0.321447
0.321797
0.321829
0.322007
0.322038
0.322695
0.322932
0.323109
0.323367
0.323548
0.323931
0.324125
0.324355
0.325374
0.325619
0.326157
0.326231
0.326482
0.326971
0.327479
0.32773
0.327867
0.327922
0.327924
0.328303
0.329024
0.329327
0.329413
0.32982
0.33084
0.330927
0.331315
0.331545
0.331933
0.332484
0.332615
0.333081
0.333221
0.334105
0.334487
0.334519
0.335007
0.335405
0.335919
0.336232
0.336559
0.337131
0.33714
0.337342
0.337923
0.33809
0.338337
0.338706
0.338723
0.338887
0.338917
0.339012
0.33911
0.339262
0.340296
0.340643
0.341243
0.341496
0.34152
0.342002
0.342531
0.343192
0.343208
0.343274
0.343685
0.343905
0.343948
0.344021
0.344873
0.344968
0.34522
0.345687
0.345756
0.345891
0.346044
0.346309
0.347105
0.347287
0.347336
0.347374
0.347577
0.347602
0.347684
0.347843
0.348221
0.348289
0.348764
0.348897
0.349135
0.349177
0.349892
0.350125
0.350159
0.350169
0.350212
0.350268
0.350545
0.350653
0.350962
0.351287
0.351294
0.351766
0.352216
0.352319
0.352729
0.352848
0.352868
0.353103
0.353477
0.353853
0.354052
0.354316
0.354707
0.355
0.3552
0.35549
0.355876
0.355952
0.356279
0.356654
0.356899
0.356936
0.357091
0.357425
0.357754
0.357802
0.358112
0.358576
0.358747
0.35904
0.359394
0.35972
0.359785
0.359802
0.360147
0.360684
0.360733
0.360873
0.36093
0.361219
0.361673
0.361743
0.361981
0.362058
0.36251
0.362881
0.363516
0.363765
0.36388
0.364132
0.364567
0.364828
0.36535
0.365462
0.366099
0.366945
0.367222
0.367222
0.367423
0.367513
0.367782
0.367946
0.36815
0.368874
0.369449
0.370155
0.37143
0.372193
0.372281
0.372406
0.372666
0.372865
0.373021
0.373339
0.373819
0.373857
0.373935
0.373959
0.374331
0.374812
0.374826
0.374982
0.375005
0.375266
0.375389
0.375398
0.375744
0.375827
0.376207
0.376683
0.376912
0.376979
0.377235
0.377458
0.378163
0.378393
0.378538
0.378789
0.379437
0.379764
0.380247
0.380323
0.380607
0.380836
0.381086
0.381294
0.381343
0.382045
0.38247
0.382472
0.382635
0.383124
0.38396
0.383981
0.384071
0.384252
0.384491
0.384501
0.384631
0.385587
0.386767
0.38686
0.387234
0.387401
0.387434
0.387521
0.38772
0.387905
0.388703
0.388723
0.390445
0.390487
0.390966
0.391029
0.392107
0.392632
0.392651
0.39277
0.392833
0.39312
0.393261
0.393817
0.394864
0.394891
0.39512
0.395301
0.395333
0.395634
0.396078
0.39641
0.396429
0.396894
0.396963
0.397194
0.397345
0.397352
0.397694
0.397901
0.399367
0.399435
0.399523
0.399595
0.399825
0.399834
0.399944
0.400158
0.400595
0.40071
0.400767
0.401297
0.401538
0.401647
0.402019
0.402257
0.402563
0.403232
0.403818
0.403991
0.405165
0.405237
0.405484
0.405728
0.406216
0.406638
0.406853
0.407553
0.408621
0.408638
0.408838
0.409192
0.409259
0.409418
0.40955
0.409616
0.409626
0.410303
0.410733
0.411051
0.411222
0.41135
0.411365
0.411873
0.411892
0.412105
0.413399
0.413533
0.413636
0.414064
0.414234
0.415023
0.415156
0.415339
0.415472
0.415674
0.416496
0.41665
0.416718
0.417228
0.417877
0.418688
0.41923
0.419254
0.419503
0.420155
0.420162
0.42028
0.42043
0.420485
0.421258
0.421733
0.421738
0.422146
0.42234
0.422493
0.422494
0.422496
0.422548
0.422864
0.423702
0.423892
0.423963
0.424009
0.424898
0.425004
0.42561
0.425715
0.425837
0.427081
0.427122
0.427999
0.428061
0.428362
0.428759
0.428976
0.429053
0.429114
0.42925
0.429303
0.429882
0.429913
0.429922
0.430099
0.4313
0.431368
0.431548
0.431703
0.431929
0.432034
0.432175
0.432438
0.432441
0.432608
0.432931
0.433384
0.434363
0.434788
0.435215
0.435574
0.436692
0.437228
0.43873
0.438836
0.439192
0.439293
0.439315
0.439448
0.440411
0.440946
0.44139
0.441669
0.441716
0.442113
0.442486
0.442676
0.443147
0.443388
0.444303
0.444377
0.444381
0.444956
0.445192
0.445329
0.445542
0.445704
0.446098
0.446352
0.446464
0.447011
0.447919
0.447973
0.448021
0.448379
0.4485
0.448667
0.449166
0.449249
0.449397
0.449435
0.449534
0.449884
0.450187
0.450527
0.450933
0.450981
0.451562
0.451565
0.452187
0.452667
0.453261
0.453851
0.454339
0.455022
0.45518
0.455535
0.455689
0.455889
0.45652
0.45672
0.456963
0.456977
0.457067
0.45735
0.457353
0.457743
0.457759
0.458377
0.459085
0.459585
0.460997
0.460998
0.461199
0.462159
0.462605
0.462962
0.463394
0.463651
0.463818
0.4642
0.464647
0.465128
0.465152
0.4653
0.465589
0.465736
0.465743
0.466299
0.466354
0.46645
0.466472
0.466474
0.466525
0.467203
0.467493
0.467516
0.467916
0.468483
0.468579
0.468724
0.469424
0.469945
0.470335
0.470414
0.470701
0.470886
0.471018
0.472022
0.472225
0.473117
0.474656
0.47558
0.475658
0.47586
0.476126
0.47731
0.477497
0.477554
0.47763
0.478069
0.478313
0.478751
0.479469
0.479667
0.479709
0.48004
0.48058
0.481365
0.481403
0.481671
0.481672
0.481912
0.482096
0.482328
0.482779
0.483068
0.483189
0.483618
0.483977
0.484532
0.484859
0.484901
0.48504
0.485183
0.485211
0.485232
0.485364
0.485558
0.486192
0.486884
0.48795
0.488662
0.48938
0.489978
0.490118
0.490543
0.490639
0.490807
0.491229
0.491672
0.491773
0.492083
0.492098
0.492529
0.49298
0.493033
0.493088
0.493375
0.493436
0.493592
0.49433
0.494781
0.495406
0.495742
0.495821
0.496083
0.496417
0.496466
0.496524
0.496556
0.496875
0.497168
0.497568
0.497817
0.4979
0.498187
0.49845
0.498761
0.498907
0.499114
0.499126
0.499136
0.499217
0.499524
0.499607
0.499705
0.500364
0.500435
0.501447
0.501529
0.501736
0.502064
0.502812
0.502956
0.503814
0.505771
0.506442
0.506443
0.506569
0.506944
0.506946
0.50728
0.507334
0.507406
0.507465
0.507538
0.507901
0.508531
0.508536
0.508678
0.509214
0.51015
0.510151
0.510184
0.510198
0.510231
0.51044
0.510602
0.51116
0.511327
0.511953
0.511986
0.51263
0.512746
0.512801
0.512855
0.513138
0.513166
0.514362
0.514434
0.514612
0.515508
0.515576
0.515926
0.516082
0.516464
0.517266
0.517382
0.517613
0.517784
0.518047
0.518308
0.518745
0.519396
0.520485
0.52085
0.521209
0.52122
0.521312
0.52196
0.522097
0.522194
0.522364
0.522551
0.522765
0.5231
0.523304
0.523971
0.524225
0.524787
0.524817
0.524828
0.525059
0.52517
0.525905
0.526237
0.526472
0.526818
0.52706
0.527123
0.527202
0.527351
0.527717
0.527796
0.527837
0.528409
0.528651
0.528898
0.529507
0.530197
0.530207
0.530327
0.531185
0.532429
0.532441
0.532722
0.533627
0.533686
0.534046
0.534746
0.534775
0.535047
0.5353
0.535533
0.535794
0.535818
0.536145
0.536608
0.537148
0.537747
0.538561
0.539578
0.539677
0.539782
0.539889
0.53989
0.54047
0.540533
0.540605
0.540714
0.541396
0.541762
0.542066
0.542882
0.543206
0.545021
0.545534
0.545724
0.545741
0.546362
0.54641
0.546956
0.547032
0.547321
0.547353
0.547628
0.547754
0.548436
0.549049
0.549086
0.549307
0.549334
0.551318
0.551349
0.5518
0.551946
0.551958
0.552819
0.553105
0.553762
0.553888
0.55408
0.554409
0.554635
0.554695
0.554884
0.554956
0.555342
0.556099
0.556164
0.5566
0.557655
0.557862
0.558022
0.558621
0.55874
0.558835
0.559476
0.559584
0.559907
0.559928
0.560089
0.560364
0.560698
0.560945
0.561586
0.561599
0.562037
0.562039
0.562127
0.562456
0.562471
0.562679
0.563865
0.564027
0.564123
0.564826
0.565714
0.56592
0.566124
0.566389
0.566515
0.566635
0.566687
0.567181
0.568029
0.568693
0.568729
0.569262
0.569556
0.569683
0.569694
0.570169
0.570782
0.570883
0.571459
0.571733
0.571944
0.572241
0.572395
0.572537
0.572621
0.572688
0.573299
0.573761
0.574526
0.575528
0.575975
0.576316
0.576402
0.576408
0.577205
0.577237
0.577581
0.577635
0.579091
0.579491
0.579504
0.579531
0.57961
0.579759
0.580226
0.580271
0.580683
0.580963
0.581596
0.582385
0.583058
0.58323
0.583859
0.584224
0.584346
0.585781
0.58623
0.587694
0.58848
0.588571
0.588643
0.588743
0.588932
0.588972
0.589011
0.589037
0.589234
0.589392
0.589609
0.590281
0.590788
0.591312
0.592143
0.592725
0.592812
0.592837
0.593503
0.593816
0.593896
0.59433
0.594552
0.595207
0.595312
0.595337
0.596041
0.59783
0.59847
0.598634
0.59939
0.599733
0.599985
0.600299
0.600542
0.601082
0.602246
0.602716
0.604095
0.604207
0.604436
0.604472
0.604497
0.60473
0.605105
0.605133
0.60523
0.605231
0.605653
0.606322
0.6065
0.606952
0.607022
0.6077
0.608114
0.608218
0.608263
0.608845
0.609156
0.610259
0.610606
0.61099
0.61104
0.611065
0.611177
0.611309
0.611328
0.611376
0.611449
0.611818
0.612221
0.612352
0.61258
0.612758
0.613427
0.613836
0.614776
0.615169
0.615274
0.615384
0.616195
0.616828
0.617026
0.618469
0.618512
0.619118
0.619132
0.619645
0.619835
0.619872
0.620391
0.622453
0.62375
0.624146
0.624721
0.624799
0.624913
0.624999
0.625131
0.625301
0.625334
0.625438
0.625446
0.625496
0.627448
0.628784
0.62883
0.629006
0.630582
0.630778
0.631194
0.631227
0.631469
0.631509
0.632181
0.63279
0.632924
0.633175
0.633555
0.633593
0.634076
0.634306
0.634375
0.634434
0.634541
0.635234
0.635462
0.635513
0.635998
0.636292
0.636516
0.636613
0.636641
0.637141
0.637173
0.637405
0.63759
0.637946
0.638318
0.638959
0.639114
0.639257
0.639324
0.639327
0.639477
0.639543
0.639685
0.639693
0.639771
0.639952
0.64067
0.640721
0.641353
0.641768
0.642188
0.642281
0.642338
0.642851
0.643239
0.643258
0.643313
0.64415
0.645318
0.646015
0.646086
0.646659
0.646693
0.64788
0.647945
0.648412
0.648419
0.648517
0.649704
0.649943
0.650532
0.650546
0.65062
0.651658
0.651752
0.651823
0.655049
0.655549
0.655768
0.655789
0.655859
0.657105
0.657244
0.657365
0.657631
0.658058
0.658307
0.658454
0.658723
0.658842
0.659033
0.65917
0.659667
0.660289
0.660349
0.660401
0.660648
0.660745
0.660855
0.660928
0.661047
0.661237
0.661272
0.661648
0.662388
0.663161
0.663623
0.663627
0.663772
0.66412
0.66456
0.664611
0.665412
0.665502
0.666169
0.667115
0.667673
0.667753
0.668663
0.668794
0.668993
0.669218
0.670155
0.67032
0.670745
0.671033
0.67111
0.671353
0.671462
0.67212
0.673004
0.673411
0.673884
0.674273
0.674614
0.674742
0.675404
0.675431
0.67607
0.676862
0.677151
0.677982
0.67799
0.678311
0.678612
0.678783
0.678825
0.679214
0.67939
0.679972
0.680105
0.680192
0.680377
0.680649
0.680762
0.680927
0.681446
0.682335
0.68251
0.683348
0.683512
0.683837
0.684006
0.684368
0.685032
0.685087
0.68537
0.685784
0.685924
0.68629
0.686401
0.687197
0.688009
0.688813
0.689407
0.689955
0.690087
0.690089
0.690123
0.690517
0.690721
0.691132
0.691198
0.691358
0.692229
0.692703
0.692869
0.693298
0.69402
0.694053
0.694498
0.694665
0.695091
0.69514
0.695302
0.695388
0.696355
0.696417
0.697003
0.697449
0.698084
0.698932
0.699269
0.699725
0.700152
0.700281
0.700691
0.7009
0.701347
0.701461
0.701543
0.703297
0.7037
0.704412
0.704695
0.704966
0.70648
0.70681
0.706847
0.707401
0.707599
0.708158
0.708887
0.70931
0.70939
0.709735
0.709865
0.709968
0.710072
0.710286
0.711318
0.711776
0.711876
0.712541
0.712653
0.712673
0.712783
0.713431
0.713786
0.714111
0.714573
0.714676
0.714817
0.715044
0.715717
0.716215
0.716281
0.717598
0.717953
0.7185
0.718747
0.719184
0.719443
0.719629
0.719735
0.720009
0.720433
0.720448
0.720962
0.721714
0.72176
0.721819
0.722665
0.722969
0.723138
0.723383
0.723556
0.723724
0.723737
0.724226
0.724303
0.724303
0.724519
0.724733
0.725523
0.726546
0.72673
0.726732
0.726887
0.728306
0.72833
0.728342
0.728547
0.728918
0.728924
0.729245
0.729424
0.730442
0.730603
0.731569
0.731867
0.733422
0.734538
0.734567
0.73502
0.735071
0.735159
0.735412
0.735575
0.7356
0.735667
0.735701
0.736563
0.737908
0.737972
0.738986
0.739376
0.740321
0.741028
0.741422
0.741456
0.741566
0.742213
0.742798
0.743026
0.74333
0.743621
0.744126
0.744278
0.744568
0.744736
0.744858
0.745144
0.745199
0.745567
0.745889
0.745983
0.747163
0.747943
0.747949
0.747973
0.748981
0.749316
0.749396
0.7496
0.749634
0.750715
0.751265
0.751361
0.751728
0.752134
0.752188
0.752444
0.75269
0.752928
0.752989
0.753355
0.753622
0.753968
0.753995
0.754212
0.754418
0.754708
0.755236
0.755309
0.755383
0.755457
0.756741
0.756852
0.757216
0.759005
0.759738
0.759858
0.759937
0.760277
0.76033
0.76175
0.762654
0.763163
0.76337
0.763576
0.763578
0.763618
0.763809
0.763921
0.764478
0.764563
0.7655
0.765589
0.765753
0.765885
0.76653
0.767055
0.767106
0.767316
0.768102
0.769696
0.769703
0.770051
0.770346
0.77069
0.771135
0.771232
0.772585
0.773512
0.773678
0.774119
0.774124
0.775501
0.775633
0.775868
0.775942
0.776346
0.777664
0.777849
0.777992
0.778175
0.779022
0.779162
0.780003
0.780782
0.781262
0.781462
0.781696
0.781758
0.784155
0.784609
0.784731
0.785123
0.785457
0.785685
0.7859
0.785928
0.787241
0.787266
0.788243
0.788384
0.788615
0.788677
0.788892
0.788962
0.78922
0.789818
0.789959
0.790287
0.790919
0.790934
0.790944
0.791393
0.791588
0.792109
0.792797
0.792908
0.793089
0.793565
0.793658
0.794029
0.794295
0.794987
0.795151
0.795433
0.795878
0.796556
0.796777
0.79688
0.79715
0.797487
0.797604
0.797828
0.798063
0.799681
0.80001
0.800423
0.800776
0.800871
0.800999
0.801253
0.802104
0.802445
0.802652
0.80324
0.803587
0.803781
0.804291
0.805144
0.805642
0.805772
0.805782
0.805933
0.806048
0.806335
0.806354
0.807218
0.807501
0.807586
0.808366
0.808956
0.809124
0.809362
0.809582
0.810121
0.810277
0.810429
0.810893
0.81148
0.81151
0.81179
0.812995
0.814343
0.814615
0.815288
0.81543
0.817006
0.817171
0.817271
0.81733
0.818061
0.818275
0.818661
0.819444
0.819654
0.819879
0.82008
0.820141
0.820313
0.82039
0.820859
0.821163
0.821374
0.822087
0.822157
0.822252
0.822656
0.823492
0.823854
0.824352
0.824916
0.825056
0.825138
0.825409
0.825461
0.825763
0.826107
0.826495
0.828156
0.829173
0.830097
0.830618
0.831552
0.831818
0.831889
0.832955
0.834541
0.835629
0.835824
0.83591
0.835999
0.836153
0.836261
0.836911
0.837235
0.837782
0.838145
0.838605
0.839134
0.839276
0.839601
0.840152
0.840286
0.840496
0.840554
0.840724
0.840902
0.840969
0.841242
0.84172
0.843507
0.843543
0.84367
0.843692
0.844468
0.844603
0.847878
0.848395
0.84864
0.848972
0.849171
0.849602
0.850228
0.850294
0.850906
0.851071
0.851525
0.851892
0.852147
0.852305
0.853148
0.853165
0.853405
0.853638
0.854075
0.854413
0.854875
0.855041
0.855724
0.856278
0.856351
0.856627
0.856926
0.857176
0.857306
0.857596
0.857806
0.858406
0.858437
0.859016
0.859194
0.859339
0.859395
0.859701
0.861241
0.861288
0.861451
0.862069
0.863093
0.864394
0.864879
0.865513
0.865672
0.865779
0.865816
0.866066
0.866147
0.866525
0.866694
0.867767
0.868058
0.868113
0.868294
0.868352
0.86848
0.868681
0.868851
0.86924
0.870134
0.870914
0.871586
0.872674
0.872703
0.873912
0.875479
0.875764
0.875951
0.87633
0.876981
0.877483
0.877675
0.878085
0.878724
0.879202
0.880013
0.880292
0.880405
0.880922
0.881132
0.881356
0.881998
0.882147
0.882628
0.882643
0.882871
0.883
0.885129
0.885272
0.885378
0.885955
0.886659
0.887643
0.887759
0.888465
0.888499
0.889426
0.889978
0.890422
0.890692
0.892298
0.89271
0.893252
0.893353
0.893435
0.893521
0.895007
0.895421
0.895651
0.896003
0.89637
0.89752
0.897569
0.89794
0.899835
0.899869
0.900401
0.900484
0.90064
0.900699
0.901363
0.902503
0.902758
0.90289
0.903102
0.903214
0.903519
0.904483
0.904607
0.90509
0.905137
0.906389
0.90653
0.906613
0.906843
0.907106
0.907328
0.907755
0.907867
0.908822
0.908864
0.908903
0.909603
0.909638
0.909744
0.910215
0.910543
0.910742
0.911166
0.911281
0.911587
0.91225
0.912708
0.913113
0.913218
0.914354
0.914834
0.915064
0.915443
0.915453
0.915755
0.91585
0.916121
0.91642
0.916684
0.917136
0.918059
0.918203
0.918814
0.92009
0.92062
0.921102
0.921141
0.922016
0.922155
0.922159
0.92235
0.922549
0.922719
0.922822
0.923155
0.923476
0.923588
0.92395
0.924468
0.925072
0.925087
0.925206
0.925717
0.92579
0.926543
0.92661
0.926798
0.926812
0.926901
0.927218
0.927247
0.927441
0.927861
0.927897
0.928002
0.928446
0.929277
0.92929
0.929415
0.929712
0.929768
0.929809
0.930114
0.930315
0.930423
0.930557
0.930823
0.931186
0.931537
0.932009
0.932306
0.932366
0.932374
0.934112
0.93461
0.934674
0.934821
0.935179
0.935567
0.936229
0.936305
0.936337
0.936563
0.936922
0.937279
0.937546
0.938463
0.938743
0.940012
0.940223
0.94114
0.941224
0.94278
0.943162
0.944079
0.944081
0.947456
0.948071
0.948736
0.949736
0.949915
0.950782
0.950807
0.951075
0.951163
0.951181
0.953058
0.953179
0.954176
0.955243
0.955553
0.955608
0.957044
0.957058
0.957081
0.957111
0.957389
0.958045
0.958102
0.958238
0.958434
0.959232
0.959901
0.959965
0.960152
0.960406
0.961101
0.961286
0.961771
0.962001
0.962017
0.962027
0.962379
0.962673
0.962882
0.963469
0.963488
0.964826
0.965304
0.965545
0.965715
0.965891
0.966234
0.966693
0.968197
0.969097
0.969866
0.970597
0.970625
0.971249
0.971492
0.97171
0.972471
0.972643
0.973016
0.973563
0.974121
0.97505
0.975186
0.975509
0.975748
0.976996
0.977323
0.977723
0.978235
0.978363
0.978436
0.978889
0.979084
0.979524
0.979931
0.98025
0.980819
0.980961
0.980972
0.98112
0.981133
0.981686
0.981984
0.982016
0.982209
0.982448
0.982543
0.983265
0.984016
0.984481
0.984583
0.984608
0.985478
0.985577
0.986216
0.986428
0.98643
0.98652
0.986876
0.987805
0.98812
0.988688
0.989507
0.989551
0.990749
0.991069
0.991551
0.99162
0.991822
0.992083
0.992443
0.992657
0.993102
0.993115
0.993138
0.993183
0.99407
0.994423
0.994526
0.994637
0.994721
0.995443
0.995466
0.995649
0.99689
0.996956
0.997356
0.997565
0.997932
0.998521
0.99883
0.998935
0.999839
0.999952
1.00025
1.00066
1.00071
1.00129
1.00173
1.00234
1.00242
1.00312
1.00342
1.00445
1.00449
1.0046
1.00491
1.00575
1.00583
1.00688
1.00699
1.00732
1.00741
1.00744
1.00783
1.00793
1.00897
1.01029
1.01104
1.01109
1.01174
1.01305
1.01312
1.01344
1.01348
1.01367
1.01386
1.01528
1.01563
1.01575
1.01593
1.01656
1.01667
1.01776
1.01841
1.01842
1.01888
1.01931
1.01971
1.01973
1.01988
1.02197
1.02223
1.02244
1.02259
1.02259
1.02299
1.02308
1.02428
1.02461
1.02547
1.02557
1.02587
1.02615
1.02658
1.02741
1.02761
1.02788
1.02798
1.02932
1.02933
1.02973
1.02987
1.03122
1.03287
1.03301
1.0341
1.03518
1.03527
1.03553
1.03859
1.04037
1.04174
1.04243
1.04254
1.04263
1.04276
1.04296
1.04456
1.0446
1.04529
1.04645
1.0472
1.04762
1.04777
1.04869
1.04963
1.04965
1.05062
1.05201
1.05416
1.0542
1.05489
1.05583
1.05606
1.05632
1.05668
1.05675
1.05676
1.05682
1.05829
1.0595
1.05966
1.06074
1.06118
1.06136
1.06139
1.06148
1.06297
1.06326
1.06371
1.06375
1.06383
1.0639
1.06398
1.06405
1.06407
1.06449
1.06461
1.06477
1.06539
1.06623
1.06645
1.06648
1.06719
1.06774
1.06788
1.06868
1.06922
1.06931
1.06982
1.07038
1.07064
1.07133
1.07206
1.07225
1.07255
1.07255
1.07335
1.07445
1.07447
1.07477
1.07638
1.07686
1.07701
1.07709
1.07754
1.07866
1.07881
1.07943
1.08031
1.08096
1.08098
1.08109
1.08139
1.08196
1.08232
1.08282
1.08297
1.08391
1.08417
1.08491
1.085
1.08525
1.08526
1.08545
1.08559
1.08601
1.08699
1.0876
1.08834
1.08952
1.08996
1.09004
1.09067
1.091
1.09142
1.09192
1.09194
1.0924
1.09286
1.09312
1.09362
1.09428
1.09437
1.09559
1.09697
1.097
1.09815
1.09858
1.0999
1.10016
1.10019
1.10033
1.10057
1.10102
1.10135
1.10155
1.10262
1.10371
1.1043
1.10455
1.10509
1.1051
1.10525
1.10584
1.10635
1.10666
1.10667
1.10707
1.11047
1.11057
1.112
1.11239
1.11293
1.11348
1.11388
1.1143
1.11489
1.11532
1.11551
1.11584
1.11706
1.1171
1.11745
1.11772
1.11797
1.1187
1.11881
1.11911
1.11914
1.11987
1.12102
1.12108
1.12149
1.12276
1.12316
1.12354
1.12404
1.12533
1.12551
1.12564
1.12634
1.12711
1.12715
1.12737
1.12767
1.12882
1.12906
1.12936
1.12999
1.13014
1.13029
1.13069
1.13112
1.13175
1.13343
1.13538
1.13642
1.13679
1.13702
1.13717
1.1373
1.13786
1.13809
1.1384
1.13905
1.1402
1.14058
1.14078
1.14238
1.14255
1.14281
1.14287
1.14345
1.14415
1.14452
1.14526
1.14539
1.14566
1.14589
1.14722
1.14856
1.14863
1.14939
1.14955
1.14973
1.15028
1.15062
1.15076
1.15132
1.15157
1.15163
1.15225
1.1535
1.15357
1.1559
1.15846
1.15859
1.15932
1.16069
1.1624
1.16266
1.16356
1.16519
1.16686
1.1672
1.1694
1.1694
1.16973
1.16989
1.1709
1.171
1.171
1.1712
1.17137
1.17174
1.17231
1.17234
1.17247
1.17287
1.17375
1.17419
1.17425
1.17433
1.17443
1.17457
1.17458
1.17471
1.17474
1.1753
1.17548
1.17557
1.17597
1.17645
1.17763
1.17768
1.17848
1.1798
1.1814
1.18173
1.18217
1.18291
1.18332
1.18549
1.18557
1.1858
1.18798
1.18849
1.18906
1.18947
1.19
1.19005
1.19076
1.19219
1.19261
1.19307
1.19344
1.19354
1.19358
1.19441
1.19493
1.19511
1.19534
1.19539
1.19564
1.19609
1.19629
1.19649
1.19656
1.19699
1.19911
1.19954
1.20029
1.20048
1.20052
1.20113
1.2018
1.20189
1.20249
1.20457
1.20476
1.20566
1.20607
1.20623
1.20755
1.2081
1.20827
1.21012
1.21035
1.21036
1.21119
1.21149
1.21159
1.21207
1.21226
1.21277
1.2133
1.21333
1.21345
1.21473
1.21586
1.21642
1.21648
1.21693
1.21715
1.21723
1.21738
1.21847
1.21857
1.2193
1.21958
1.2206
1.22118
1.22137
1.22162
1.22346
1.22406
1.22448
1.22669
1.22753
1.22805
1.2287
1.22885
1.22894
1.23078
1.23102
1.23129
1.23158
1.23215
1.23243
1.23389
1.23429
1.23447
1.23524
1.23546
1.23608
1.23632
1.23681
1.23682
1.2385
1.23935
1.2408
1.2408
1.24135
1.2425
1.24287
1.24448
1.24463
1.24494
1.246
1.24624
1.24653
1.24675
1.24694
1.24716
1.24751
1.24883
1.25001
1.25021
1.25043
1.25106
1.25125
1.25191
1.2523
1.25301
1.25348
1.25381
1.25485
1.25507
1.25651
1.25712
1.25728
1.25763
1.25763
1.25808
1.25905
1.25933
1.26087
1.26122
1.26181
1.26185
1.26275
1.26391
1.26446
1.26487
1.26626
1.26681
1.26709
1.26719
1.26902
1.26941
1.2704
1.27054
1.27078
1.27108
1.2723
1.27241
1.27257
1.27293
1.27304
1.27341
1.27357
1.27373
1.27556
1.27618
1.27712
1.27792
1.27882
1.27891
1.2793
1.28067
1.28096
1.28132
1.28156
1.28212
1.28226
1.28289
1.28325
1.28355
1.28412
1.28421
1.28532
1.28737
1.28872
1.28997
1.29037
1.29043
1.29082
1.29087
1.2913
1.29313
1.29334
1.29337
1.29353
1.29542
1.29568
1.29604
1.29685
1.29688
1.29778
1.29819
1.29955
1.29972
1.30005
1.30019
1.30029
1.3021
1.30366
1.30398
1.30496
1.30515
1.30528
1.30534
1.30653
1.30697
1.3079
1.30862
1.30941
1.3127
1.31354
1.31365
1.31391
1.31525
1.31545
1.31551
1.31555
1.31588
1.31593
1.31676
1.31726
1.3175
1.31812
1.31855
1.32062
1.32119
1.3219
1.3226
1.32285
1.32307
1.32323
1.32411
1.32467
1.32539
1.32557
1.32575
1.32603
1.32693
1.3295
1.3312
1.33151
1.33171
1.33205
1.33312
1.33444
1.33484
1.33644
1.33652
1.33798
1.34083
1.34107
1.34126
1.34146
1.34162
1.342
1.34212
1.34235
1.34253
1.34354
1.34357
1.34449
1.34475
1.3454
1.34605
1.34716
1.34785
1.34909
1.34911
1.34915
1.35066
1.35112
1.35164
1.3517
1.3522
1.35263
1.35316
1.35422
1.35473
1.35575
1.35835
1.35846
1.35875
1.35924
1.36099
1.36343
1.36362
1.36378
1.36415
1.36473
1.36624
1.36636
1.36658
1.36705
1.36724
1.36791
1.36822
1.36827
1.36938
1.37221
1.37243
1.37255
1.375
1.37542
1.37668
1.37794
1.37866
1.37898
1.37914
1.37919
1.37928
1.3812
1.38122
1.38215
1.38406
1.38427
1.38633
1.3865
1.38665
1.39273
1.39384
1.39387
1.39508
1.39513
1.39656
1.39724
1.39769
1.39798
1.39802
1.40049
1.40063
1.40121
1.40213
1.40235
1.40314
1.40447
1.4049
1.40559
1.40564
1.40653
1.40699
1.41137
1.41314
1.41418
1.41477
1.41481
1.41568
1.41577
1.41629
1.4175
1.41785
1.41825
1.41883
1.42027
1.4204
1.42081
1.42114
1.42447
1.42451
1.42465
1.4256
1.42692
1.42881
1.43002
1.43032
1.43064
1.43067
1.4319
1.43208
1.43233
1.4324
1.43453
1.43514
1.43542
1.4363
1.43651
1.43659
1.43663
1.43761
1.43834
1.43926
1.43928
1.43999
1.44006
1.44093
1.4449
1.44629
1.44745
1.4485
1.44896
1.44911
1.45075
1.45209
1.45354
1.45585
1.45736
1.45814
1.45859
1.45897
1.45903
1.45918
1.4592
1.45991
1.46139
1.46171
1.46178
1.462
1.46323
1.46325
1.46491
1.46516
1.46725
1.46743
1.46748
1.46817
1.46974
1.47084
1.47139
1.47162
1.47217
1.47234
1.47238
1.47243
1.47374
1.47402
1.47432
1.4745
1.47459
1.47497
1.47536
1.47569
1.476
1.47989
1.48048
1.48221
1.48386
1.48396
1.48681
1.48768
1.489
1.48923
1.49125
1.49145
1.49213
1.49285
1.49466
1.49536
1.49538
1.49827
1.50067
1.50071
1.50081
1.50146
1.50168
1.50191
1.5023
1.50495
1.50656
1.50718
1.50743
1.50815
1.50842
1.51106
1.51194
1.51197
1.51226
1.51284
1.51284
1.51416
1.51458
1.515
1.51516
1.51627
1.51702
1.51713
1.51734
1.51853
1.51912
1.51917
1.52162
1.52275
1.52291
1.52301
1.52353
1.52456
1.52457
1.52497
1.52621
1.5288
1.53065
1.53143
1.53228
1.53246
1.533
1.53441
1.53458
1.53506
1.53534
1.53567
1.53653
1.53692
1.53751
1.53921
1.53956
1.53962
1.54089
1.54097
1.54202
1.54324
1.54412
1.54462
1.54589
1.54595
1.54598
1.54901
1.54972
1.5504
1.55102
1.55105
1.55204
1.5524
1.55246
1.55262
1.55287
1.55325
1.55356
1.55414
1.55461
1.55479
1.55626
1.55785
1.55842
1.55913
1.56007
1.56057
1.56201
1.56224
1.56261
1.56266
1.56267
1.56451
1.56473
1.56648
1.56732
1.56805
1.56855
1.56868
1.56871
1.57004
1.57201
1.57239
1.573
1.57417
1.57431
1.57528
1.5754
1.57547
1.57689
1.57715
1.57845
1.5795
1.58035
1.58386
1.5842
1.58565
1.58654
1.5873
1.58753
1.58884
1.589
1.58967
1.58975
1.5904
1.59091
1.59102
1.59135
1.59317
1.59408
1.59522
1.59591
1.59697
1.59799
1.60174
1.60318
1.60335
1.60394
1.60467
1.60557
1.60563
1.60571
1.60588
1.60664
1.60768
1.60768
1.60828
1.60864
1.61101
1.6151
1.61664
1.61702
1.6176
1.6186
1.61886
1.61947
1.62047
1.62097
1.62156
1.62187
1.62296
1.62554
1.62616
1.62649
1.6271
1.62722
1.62786
1.62885
1.6296
1.63217
1.63376
1.63533
1.63574
1.63607
1.63633
1.63664
1.6386
1.63875
1.63983
1.64105
1.64346
1.64362
1.64381
1.64406
1.64414
1.64482
1.64592
1.64645
1.64646
1.64667
1.64667
1.64728
1.6479
1.64912
1.64953
1.64959
1.65001
1.65067
1.65198
1.65209
1.65323
1.6533
1.65361
1.65823
1.65975
1.66072
1.66136
1.66236
1.66313
1.66438
1.66487
1.66731
1.66771
1.66787
1.6693
1.67192
1.67233
1.67385
1.67404
1.67413
1.67782
1.67855
1.6851
1.6854
1.68672
1.68727
1.68822
1.68932
1.69091
1.6913
1.69173
1.69206
1.69212
1.69239
1.69266
1.69289
1.694
1.69727
1.69979
1.7001
1.70314
1.70575
1.70606
1.70665
1.70775
1.7084
1.70871
1.70941
1.70959
1.71251
1.7126
1.71534
1.71576
1.71629
1.71629
1.71674
1.71676
1.71897
1.71912
1.72081
1.7212
1.72225
1.72322
1.7236
1.72432
1.72607
1.72613
1.72747
1.7279
1.72799
1.73394
1.7343
1.73553
1.73573
1.73705
1.73738
1.73759
1.73776
1.7395
1.74059
1.74136
1.74256
1.74616
1.74627
1.74668
1.74715
1.74829
1.75015
1.75053
1.75103
1.75363
1.75403
1.75682
1.75804
1.75934
1.76066
1.76076
1.76103
1.76145
1.76255
1.76374
1.76384
1.7653
1.76613
1.76788
1.76959
1.77203
1.77214
1.7728
1.77345
1.77616
1.77646
1.7772
1.77741
1.77748
1.77803
1.77856
1.77953
1.77981
1.78097
1.78116
1.78156
1.78416
1.78543
1.78658
1.78824
1.78855
1.78968
1.78983
1.78985
1.79041
1.79135
1.79198
1.79294
1.79464
1.79503
1.7958
1.79625
1.79648
1.79774
1.79785
1.79929
1.79942
1.80212
1.8025
1.80257
1.80327
1.80368
1.80483
1.80907
1.81137
1.81343
1.81555
1.8157
1.81607
1.81666
1.81822
1.81925
1.82079
1.82132
1.82276
1.82325
1.82821
1.83181
1.83381
1.83392
1.8366
1.83755
1.83802
1.84019
1.84061
1.84068
1.84224
1.84269
1.84358
1.8441
1.84451
1.84508
1.84578
1.84605
1.84699
1.84704
1.84839
1.84911
1.84919
1.84926
1.85129
1.85134
1.85238
1.85258
1.85332
1.85468
1.8554
1.85647
1.85803
1.8585
1.85866
1.85905
1.85965
1.85979
1.86053
1.86591
1.86696
1.87071
1.87219
1.8725
1.87383
1.87542
1.87605
1.87635
1.87725
1.87912
1.87983
1.88044
1.88095
1.88356
1.88605
1.88894
1.88958
1.8896
1.89086
1.89132
1.89132
1.89448
1.89493
1.89768
1.89975
1.89991
1.9012
1.90176
1.9085
1.90891
1.91331
1.91367
1.91397
1.91455
1.9171
1.91722
1.91887
1.9189
1.92176
1.92229
1.92245
1.92308
1.92333
1.92626
1.9274
1.92804
1.92809
1.92837
1.92841
1.92981
1.93058
1.93113
1.93124
1.9367
1.93881
1.93916
1.9401
1.94146
1.94154
1.94196
1.94409
1.94471
1.94602
1.94697
1.94764
1.94765
1.94837
1.95184
1.95282
1.95357
1.95526
1.95663
1.95942
1.95965
1.95972
1.95986
1.96585
1.96726
1.96811
1.96991
1.97042
1.97407
1.97434
1.97466
1.97556
1.97753
1.98192
1.98207
1.98269
1.98491
1.98576
1.98752
1.98889
1.99334
1.99487
1.99555
1.99566
1.99589
1.99625
1.99655
1.99708
1.998
1.9996
1.99977
2.00072
2.00097
2.00114
2.00202
2.00388
2.00394
2.00423
2.00463
2.00885
2.00916
2.01067
2.01229
2.01233
2.01251
2.01272
2.01355
2.01452
2.01502
2.01546
2.01591
2.01641
2.01684
2.01748
2.01768
2.01799
2.01813
2.01862
2.01914
2.02078
2.02139
2.02166
2.02227
2.0232
2.02416
2.02537
2.02713
2.02731
2.02739
2.0291
2.02981
2.03
2.03194
2.0337
2.03579
2.036
2.03667
2.03799
2.03876
2.03934
2.03935
2.0395
2.04185
2.04363
2.04402
2.0443
2.04732
2.04898
2.05076
2.05185
2.05186
2.05329
2.05401
2.05449
2.05533
2.05577
2.05675
2.05728
2.05774
2.05979
2.05985
2.0623
2.06245
2.06295
2.06446
2.06597
2.07163
2.07252
2.07252
2.07437
2.07444
2.07446
2.07494
2.0754
2.07557
2.07763
2.07912
2.07956
2.08091
2.08189
2.08209
2.08309
2.08323
2.08423
2.08854
2.08992
2.09197
2.092
2.09282
2.09315
2.09326
2.09356
2.09404
2.09719
2.09732
2.0974
2.09768
2.09885
2.09922
2.10122
2.10373
2.10388
2.10436
2.10575
2.10604
2.11053
2.11095
2.11257
2.11285
2.11357
2.11402
2.11611
2.11728
2.11892
2.11967
2.12261
2.12283
2.12569
2.12788
2.12998
2.13283
2.13462
2.13471
2.13681
2.13767
2.13839
2.14122
2.14182
2.1443
2.14551
2.14564
2.14805
2.14982
2.1505
2.15097
2.15338
2.15351
2.15353
2.15657
2.15723
2.16076
2.1642
2.16512
2.16525
2.16641
2.1669
2.16983
2.17255
2.173
2.17436
2.17571
2.17716
2.17795
2.17911
2.17941
2.18057
2.18542
2.18606
2.18846
2.18945
2.18955
2.18964
2.19044
2.19062
2.1921
2.19307
2.19322
2.19398
2.19426
2.19452
2.19553
2.19565
2.19735
2.19839
2.20143
2.20284
2.20407
2.20444
2.20483
2.20551
2.20673
2.20779
2.20819
2.21137
2.21256
2.21382
2.2154
2.21707
2.218
2.21871
2.22065
2.22166
2.22227
2.22321
2.22643
2.22671
2.22813
2.22953
2.22972
2.23026
2.2309
2.23254
2.23366
2.23814
2.24341
2.24478
2.24568
2.25083
2.25189
2.25286
2.25485
2.25788
2.25918
2.26105
2.26296
2.26503
2.26518
2.26539
2.26748
2.26838
2.26914
2.2749
2.27634
2.27671
2.28102
2.28173
2.283
2.28352
2.28661
2.28759
2.29021
2.29292
2.29496
2.29558
2.29705
2.30107
2.30135
2.30154
2.30378
2.30545
2.31052
2.31102
2.31137
2.31154
2.31567
2.31836
2.32232
2.32289
2.32444
2.32527
2.3256
2.326
2.3301
2.33057
2.33091
2.33353
2.33365
2.33415
2.3344
2.33513
2.33525
2.33618
2.3404
2.34106
2.34137
2.34333
2.34794
2.34795
2.35008
2.35317
2.35382
2.35649
2.35954
2.36069
2.36076
2.36279
2.36395
2.36461
2.36493
2.36532
2.36875
2.36925
2.37179
2.37251
2.37456
2.37484
2.37543
2.37636
2.37986
2.38226
2.38657
2.38694
2.38869
2.39141
2.39253
2.39279
2.39856
2.40107
2.40244
2.40451
2.40781
2.40895
2.40914
2.4113
2.42151
2.42187
2.42597
2.42598
2.4304
2.4315
2.4332
2.43455
2.43964
2.44342
2.44681
2.44816
2.45008
2.45526
2.45657
2.45919
2.45946
2.46048
2.46056
2.46196
2.46451
2.46698
2.46864
2.4712
2.47289
2.47728
2.4783
2.47979
2.48168
2.48301
2.484
2.48422
2.48633
2.48758
2.48771
2.48918
2.49136
2.49151
2.49288
2.49489
2.49596
2.49646
2.49652
2.49714
2.50111
2.50215
2.50645
2.50675
2.50871
2.51233
2.51245
2.51343
2.51346
2.51529
2.51748
2.51837
2.51992
2.52303
2.52436
2.52484
2.52874
2.53023
2.53132
2.53143
2.53154
2.53237
2.53857
2.54031
2.54105
2.54303
2.54468
2.54735
2.54884
2.55056
2.55298
2.55506
2.5552
2.55547
2.55611
2.56031
2.56141
2.5639
2.56394
2.56401
2.56513
2.56719
2.56749
2.56849
2.56983
2.57039
2.57162
2.57387
2.57736
2.57816
2.57959
2.58083
2.58304
2.58377
2.58616
2.58708
2.59038
2.59123
2.59279
2.59403
2.59952
2.59965
2.6016
2.6055
2.61015
2.61321
2.61451
2.61494
2.61639
2.61991
2.62325
2.62529
2.62991
2.63177
2.63675
2.63779
2.63871
2.63928
2.64084
2.64108
2.64197
2.64354
2.64399
2.64412
2.6451
2.64755
2.65197
2.65645
2.65689
2.66011
2.66325
2.66406
2.66495
2.66804
2.67572
2.67811
2.68168
2.68334
2.68757
2.68795
2.6889
2.68941
2.70768
2.70889
2.71374
2.71375
2.71717
2.7202
2.73345
2.73361
2.7341
2.73992
2.74222
2.7446
2.74629
2.7505
2.75395
2.75421
2.75872
2.76206
2.76507
2.76682
2.76746
2.76911
2.77278
2.77704
2.77851
2.77922
2.78047
2.78403
2.79082
2.79519
2.79725
2.79979
2.80262
2.80403
2.80433
2.8064
2.81268
2.81546
2.81605
2.82088
2.82647
2.82695
2.83112
2.83333
2.83334
2.83473
2.83537
2.83627
2.83717
2.84193
2.84354
2.85642
2.85722
2.86134
2.86588
2.86979
2.87486
2.87588
2.87616
2.88352
2.88399
2.88531
2.88718
2.88832
2.89225
2.89677
2.90078
2.90391
2.90408
2.90663
2.90681
2.90879
2.90885
2.91133
2.9133
2.91872
2.92209
2.92766
2.92971
2.93209
2.93903
2.9505
2.96085
2.96239
2.96343
2.9682
2.97572
2.97923
2.98517
2.98554
2.98651
2.99651
3.00035
3.00228
3.00231
3.00585
3.00652
3.00873
3.01073
3.02048
3.0301
3.03998
3.04002
3.0465
3.04876
3.05454
3.05545
3.05862
3.05875
3.05952
3.06078
3.06144
3.06383
3.065
3.07749
3.0832
3.08634
3.08838
3.08924
3.09661
3.09727
3.10316
3.10491
3.10689
3.10949
3.11695
3.12068
3.12318
3.12389
3.12475
3.12912
3.13092
3.13282
3.13644
3.14206
3.14541
3.14845
3.15982
3.16775
3.16964
3.17658
3.1798
3.1833
3.18714
3.18973
3.19477
3.19677
3.19783
3.20205
3.20461
3.20499
3.21302
3.22048
3.22166
3.231
3.25164
3.25175
3.26486
3.26527
3.26597
3.26642
3.28731
3.29265
3.29288
3.29841
3.30166
3.30386
3.30916
3.31581
3.32118
3.32164
3.32375
3.32793
3.33921
3.34419
3.3642
3.36619
3.36711
3.3773
3.38434
3.38543
3.3873
3.40193
3.41894
3.4241
3.4244
3.42737
3.43503
3.44271
3.4478
3.45104
3.45476
3.46467
3.4724
3.47312
3.48451
3.48696
3.4929
3.49418
3.50074
3.51449
3.51675
3.51984
3.52444
3.53921
3.54231
3.55344
3.56851
3.5707
3.57405
3.57498
3.58125
3.58172
3.5922
3.59276
3.59855
3.60156
3.6021
3.60302
3.60726
3.63434
3.6354
3.64072
3.64726
3.64769
3.64984
3.6533
3.65339
3.65447
3.65469
3.65629
3.65906
3.65934
3.6605
3.66085
3.67115
3.68016
3.68019
3.68137
3.6932
3.72719
3.73471
3.74242
3.74394
3.75054
3.75498
3.75879
3.76361
3.77363
3.77578
3.77619
3.77665
3.7918
3.8105
3.81351
3.81745
3.82158
3.83066
3.85063
3.85985
3.87405
3.88449
3.88855
3.89081
3.8987
3.90229
3.92223
3.93414
3.93684
3.94094
3.94946
3.97737
4.00023
4.00217
4.02897
4.03672
4.04768
4.04998
4.06132
4.06536
4.06723
4.07887
4.08132
4.08845
4.09467
4.11577
4.12638
4.132
4.13861
4.14968
4.15201
4.15228
4.15779
4.15963
4.1828
4.19595
4.202
4.20353
4.21049
4.21717
4.24166
4.24411
4.27867
4.30904
4.31389
4.32724
4.32813
4.33467
4.34107
4.35254
4.37771
4.41897
4.422
4.42564
4.43062
4.44431
4.44997
4.45778
4.46164
4.46637
4.48163
4.50702
4.5198
4.53927
4.5466
4.5471
4.5823
4.60726
4.68379
4.7113
4.72685
4.78583
4.85674
4.89906
4.90167
4.90303
4.91877
4.92637
5.07748
5.08991
5.10429
5.15978
5.22732
5.30669
5.50724
5.54161
5.56803
5.56827
5.6403
5.65365
5.66678
5.67298
5.80661
5.88167
5.91324
5.97386
6.08941
6.10852
6.30681
6.41257
6.54138
6.56616
6.85388
6.96267
7.25887
7.40047
7.62391
7.78331
7.80981
8.56511
