0.000242553
0.000294767
0.000322591
0.000333698
0.000388743
0.000391366
0.000413197
0.000579826
0.000621643
0.000714113
0.000731961
0.000840543
0.000919959
0.00109882
0.00112978
0.00119472
0.00121282
0.00168141
0.00173021
0.0019805
0.00210487
0.00215519
0.00216984
0.00217401
0.0023096
0.00252842
0.0025457
0.00260891
0.00265255
0.00266839
0.00282378
0.00288799
0.00295539
0.00323303
0.00344989
0.00352736
0.00370491
0.00374661
0.00378536
0.00383522
0.0039275
0.00413082
0.00417729
0.00420434
0.0042694
0.00473357
0.00475205
0.00475595
0.00478753
0.00479551
0.00503898
0.00520747
0.00530841
0.00536269
0.0054455
0.00544991
0.00551396
0.00566959
0.00573189
0.00576602
0.00584598
0.00585351
0.0060513
0.00609438
0.00624756
0.00649378
0.00652452
0.00664547
0.00667528
0.0068221
0.00686024
0.0069994
0.00711153
0.00736663
0.00744529
0.00748531
0.00748736
0.00749126
0.00757797
0.00774113
0.00777554
0.0078367
0.00788443
0.00798209
0.00801137
0.00804023
0.00807378
0.00808
0.00809889
0.00814396
0.00815469
0.00842069
0.00860698
0.00870378
0.00892211
0.00902023
0.00912253
0.00925147
0.00927365
0.00935958
0.00938679
0.00962429
0.00964312
0.00969646
0.00980247
0.00983797
0.0099523
0.00996258
0.00999156
0.0100172
0.0100261
0.0104036
0.0106095
0.0106168
0.0106892
0.0109063
0.0110937
0.0111521
0.0112996
0.0113766
0.0118544
0.0119612
0.0122109
0.0122158
0.0122356
0.012354
0.0123729
0.0129354
0.0129484
0.0129613
0.0129891
0.0130104
0.0131775
0.0132128
0.0134516
0.0134758
0.0136193
0.0136631
0.0136741
0.0139088
0.0142654
0.0143267
0.0143451
0.0143844
0.0143846
0.0144102
0.0144225
0.0144696
0.0147184
0.0148583
0.0149351
0.0150082
0.0151798
0.0151939
0.0152123
0.0152534
0.0154015
0.0155306
0.0166102
0.016723
0.0167642
0.0168027
0.016896
0.0169003
0.0169061
0.0171113
0.0171222
0.0171719
0.0172372
0.0172619
0.0173892
0.0174945
0.0180518
0.0180784
0.0181943
0.0182991
0.0183084
0.0186176
0.018693
0.0187289
0.0187561
0.0188255
0.0188304
0.0188351
0.0188641
0.0189418
0.0189895
0.019536
0.0198797
0.019957
0.0199781
0.0200852
0.0201284
0.0203688
0.020481
0.0205255
0.020732
0.0207341
0.0207376
0.0207403
0.0207455
0.0209747
0.021032
0.0212361
0.021242
0.0214882
0.0216124
0.0218153
0.0218493
0.022044
0.0220869
0.0220876
0.0221196
0.0222648
0.0224084
0.0225501
0.0228398
0.0228627
0.0230595
0.0232016
0.0233488
0.0234382
0.0234509
0.0234721
0.0235653
0.0236202
0.0236795
0.0237283
0.0238166
0.023937
0.0240301
0.0240754
0.0241294
0.0242526
0.0242733
0.0242907
0.0243294
0.0243381
0.024376
0.024415
0.0245144
0.0245527
0.0246064
0.0247248
0.0248402
0.0250048
0.0250152
0.0250438
0.0251108
0.0252103
0.0252511
0.0253309
0.0254274
0.025449
0.0254684
0.0254717
0.0256266
0.0257588
0.0257711
0.0258108
0.0258497
0.0259641
0.0264833
0.0264974
0.0267035
0.0267065
0.0267722
0.0268226
0.0269006
0.0269426
0.0273222
0.0273581
0.0274557
0.0275451
0.0275745
0.0276909
0.0278879
0.0279647
0.0283728
0.0283769
0.0283771
0.0284432
0.0285563
0.0285641
0.0285758
0.0286667
0.0287269
0.0288936
0.0290019
0.0290031
0.0296464
0.0297197
0.0299073
0.0299598
0.0300238
0.0301011
0.0302418
0.0302642
0.0304206
0.030446
0.0304689
0.0306466
0.0307581
0.0307647
0.0308105
0.0312884
0.0315766
0.0316152
0.0318475
0.0318548
0.0318938
0.0319361
0.0319856
0.0320712
0.0320997
0.0321565
0.0322721
0.0324035
0.0326486
0.0326662
0.0330736
0.0331429
0.0333542
0.0334486
0.0334558
0.0335836
0.0336034
0.0336115
0.033859
0.0339786
0.0339821
0.0342699
0.034355
0.0343932
0.0344502
0.0345031
0.034573
0.0346876
0.0349225
0.0352296
0.0352831
0.035355
0.0353964
0.0354133
0.0354493
0.0354718
0.0355962
0.0356173
0.0357662
0.035876
0.0360173
0.0361253
0.0361973
0.0362769
0.0362966
0.0364214
0.0365025
0.0367082
0.0367104
0.0367664
0.0368145
0.0368683
0.036899
0.0370772
0.0370875
0.0372233
0.0372338
0.0372808
0.037293
0.0373184
0.0373284
0.0375627
0.0376247
0.037635
0.0378097
0.0378793
0.0379287
0.0380099
0.0380924
0.0380984
0.0381047
0.0381781
0.0382419
0.038304
0.0383104
0.0383183
0.0384724
0.0385035
0.0386759
0.0387147
0.038756
0.0388282
0.0388805
0.0389033
0.0391082
0.0391098
0.0392664
0.0392902
0.0393354
0.0393458
0.0394526
0.0395252
0.0395844
0.0396046
0.0397381
0.0397999
0.0400314
0.040184
0.040221
0.040267
0.0403505
0.0404181
0.0404534
0.0405365
0.0407218
0.0407417
0.0408308
0.0413108
0.0413898
0.0414042
0.0415248
0.0419623
0.0419637
0.0420189
0.0423193
0.0425217
0.0425676
0.0428139
0.0428891
0.0429431
0.0431638
0.0434855
0.0435127
0.0435162
0.0435542
0.0437524
0.0437613
0.0438051
0.0438453
0.0438656
0.0439835
0.0439921
0.044123
0.0444039
0.0446388
0.0446731
0.0447513
0.0450466
0.0452662
0.0453902
0.0454065
0.0455839
0.0457606
0.045963
0.0460641
0.0461535
0.0461941
0.0462005
0.0462904
0.0465441
0.0465663
0.0466442
0.0466921
0.046703
0.0467197
0.0469007
0.0470221
0.0472762
0.0473373
0.0474362
0.0474872
0.0475972
0.0477992
0.0479457
0.0480758
0.0481296
0.0482286
0.0483637
0.048374
0.0485124
0.048872
0.0488887
0.0490282
0.0490299
0.0493009
0.0494645
0.0495378
0.0495436
0.0495485
0.0495734
0.0498417
0.0499734
0.0500003
0.0501136
0.0501414
0.0503454
0.0503683
0.0504128
0.0505139
0.0507693
0.0510451
0.0510711
0.0511753
0.0515463
0.0517286
0.0517644
0.0517799
0.051783
0.0518143
0.0518608
0.0518819
0.0519015
0.0520587
0.0520842
0.0523314
0.0523571
0.0525017
0.0527766
0.0528701
0.0530305
0.0530634
0.053086
0.0531083
0.0531109
0.0533589
0.0534107
0.0534661
0.0536685
0.0536825
0.0536944
0.0538217
0.0538469
0.0540178
0.0541296
0.0543629
0.0544396
0.0545536
0.054556
0.0545608
0.0545867
0.0546481
0.0547495
0.0549973
0.0551657
0.0551871
0.0552183
0.0552392
0.0552454
0.055328
0.0553425
0.0553955
0.05561
0.0556279
0.0557494
0.0558917
0.0560516
0.0561887
0.0565076
0.0565549
0.0565723
0.0567244
0.0567347
0.0567847
0.0568191
0.0568276
0.0568829
0.0569525
0.0569562
0.0569933
0.0570064
0.0571206
0.0571765
0.0572864
0.0573172
0.0575
0.057505
0.0580173
0.0581031
0.0582587
0.0585214
0.0586465
0.0586483
0.0587767
0.0587837
0.0588017
0.058895
0.0589457
0.0592219
0.0592434
0.0594404
0.0594426
0.0595596
0.0598475
0.0600237
0.0601636
0.0602934
0.0603746
0.0604579
0.060472
0.0608008
0.060804
0.060916
0.0612332
0.0612675
0.0613076
0.0616775
0.0617198
0.0618005
0.0619039
0.0619277
0.0620071
0.0621471
0.0623779
0.0625297
0.0625483
0.0627663
0.0627923
0.0629115
0.0630795
0.0631903
0.0632898
0.063379
0.0633879
0.063476
0.0635713
0.0637041
0.0637134
0.0638678
0.0638679
0.0638768
0.0639026
0.0639109
0.0639501
0.0640041
0.0641055
0.0644865
0.0645153
0.0647958
0.0648445
0.0648599
0.0649423
0.065061
0.06516
0.0652007
0.065273
0.0654726
0.0655694
0.0657505
0.065818
0.0658496
0.0658578
0.0658637
0.0659208
0.0659421
0.0659925
0.0661975
0.0662813
0.0663304
0.0663566
0.0665074
0.0665354
0.0665414
0.0665565
0.066719
0.066916
0.067017
0.0670733
0.0671438
0.0673473
0.0673632
0.0673697
0.0673698
0.0674784
0.0674999
0.0676649
0.0676796
0.0679622
0.0680185
0.0680439
0.0681798
0.0683289
0.0684104
0.0684974
0.0686086
0.0686219
0.0686475
0.0687793
0.0688352
0.0689704
0.0690118
0.0690419
0.069049
0.0690733
0.0691186
0.0691402
0.0692098
0.0692997
0.0693521
0.069483
0.0695153
0.0695753
0.069581
0.0698029
0.0700857
0.0706182
0.0707697
0.0708532
0.0708737
0.0709779
0.0710563
0.071117
0.0713491
0.0715347
0.0720231
0.0722005
0.0722261
0.0722789
0.0723387
0.0723414
0.0723549
0.0723928
0.0724291
0.0725606
0.0725925
0.0726563
0.0727987
0.0728779
0.0728878
0.0728991
0.0733266
0.0734502
0.0735303
0.0738321
0.0738795
0.0739335
0.0744288
0.074445
0.074755
0.074805
0.0748502
0.0750461
0.075087
0.0750879
0.0751771
0.0752785
0.0753142
0.0754799
0.0755171
0.0755592
0.0756146
0.0759061
0.0759677
0.0760245
0.0760564
0.076175
0.0762068
0.07629
0.0763634
0.0764279
0.0764386
0.0766614
0.0768409
0.0769826
0.0770833
0.0771277
0.0772201
0.0773099
0.0774444
0.0774549
0.0775286
0.0776112
0.077888
0.0778892
0.0780949
0.078187
0.0785592
0.0785646
0.0786233
0.0786957
0.0787091
0.0788287
0.0789425
0.078954
0.0789689
0.0790499
0.0790643
0.0791433
0.0791646
0.0792011
0.0792015
0.0792098
0.0792382
0.0794571
0.0796785
0.0798464
0.0798619
0.0800288
0.0800296
0.0800769
0.080077
0.0801861
0.0801881
0.0805467
0.0806786
0.0809891
0.0810401
0.0811852
0.0812384
0.081714
0.0817896
0.0818488
0.0819224
0.0820902
0.0822527
0.0823825
0.08249
0.0824941
0.0828915
0.0830051
0.0830821
0.0831109
0.0834277
0.0834783
0.0835367
0.0835795
0.0835897
0.0837284
0.0837487
0.0838112
0.0838829
0.0839695
0.0840463
0.0841551
0.0844387
0.0844548
0.0844816
0.0845063
0.0845841
0.0848792
0.0849317
0.0850298
0.0852709
0.0853817
0.0853829
0.0854595
0.085508
0.0856226
0.0857516
0.0857521
0.085891
0.0862042
0.086297
0.086408
0.0866635
0.0867171
0.0867602
0.086815
0.0870379
0.0872874
0.0873766
0.0873788
0.0876077
0.0876112
0.0877072
0.0878072
0.0879114
0.0879686
0.0880247
0.0881961
0.0884141
0.0884571
0.0886637
0.0888277
0.0890585
0.089061
0.0891597
0.0892032
0.0892208
0.0892258
0.0893751
0.089408
0.0895633
0.0897828
0.0898501
0.0898568
0.0900144
0.0900167
0.0901053
0.0902521
0.0902693
0.0903526
0.0904526
0.0904815
0.0908618
0.0909996
0.0910223
0.0911067
0.0911613
0.0912539
0.0913741
0.0914892
0.0915413
0.0915892
0.091683
0.0917812
0.0921131
0.09226
0.0922787
0.0922788
0.0922935
0.092383
0.0925675
0.0926151
0.0926214
0.0927043
0.0927879
0.0928169
0.0928858
0.0931036
0.0933415
0.0933634
0.0934884
0.0935071
0.0935386
0.093541
0.0935541
0.0935573
0.0935641
0.0937184
0.09381
0.0938935
0.0939166
0.0942765
0.0942787
0.0942994
0.0944044
0.0946055
0.0948075
0.0952713
0.0953068
0.0954053
0.0956827
0.0957554
0.0958519
0.0958957
0.0960219
0.0960424
0.0960941
0.0961539
0.0962531
0.0963168
0.0963495
0.0967862
0.0968311
0.0969319
0.0970394
0.097063
0.0970705
0.0971579
0.0972074
0.0972533
0.0973135
0.0974045
0.0974802
0.0975639
0.0976234
0.0978344
0.0980513
0.0980787
0.0982122
0.098468
0.0986721
0.0986914
0.0989115
0.0990082
0.0990506
0.0991051
0.0991535
0.0992266
0.0992558
0.0992754
0.0995879
0.0996985
0.0997001
0.0997144
0.0998431
0.0998483
0.100288
0.10037
0.10048
0.100509
0.100553
0.100599
0.100725
0.100991
0.101017
0.101249
0.101349
0.101435
0.101548
0.101973
0.101999
0.102126
0.102166
0.102263
0.102487
0.102518
0.102726
0.102738
0.102902
0.10316
0.103416
0.103466
0.103798
0.103811
0.103873
0.104344
0.104398
0.104416
0.104541
0.104728
0.104736
0.104791
0.10485
0.10487
0.10512
0.10531
0.105476
0.105595
0.105634
0.105691
0.105713
0.10578
0.105837
0.105964
0.105995
0.10613
0.106412
0.106473
0.106556
0.106605
0.106672
0.106719
0.106776
0.106813
0.10694
0.106944
0.107307
0.107374
0.107549
0.107562
0.107565
0.107645
0.107787
0.107855
0.10811
0.108125
0.108301
0.108567
0.108611
0.108643
0.108684
0.108758
0.1088
0.108905
0.109009
0.109013
0.109109
0.109195
0.109203
0.109257
0.109505
0.109524
0.109529
0.109572
0.109711
0.109733
0.109834
0.109906
0.110014
0.110312
0.110712
0.110773
0.110898
0.110903
0.11094
0.110967
0.110971
0.11099
0.11113
0.111178
0.111203
0.111365
0.111459
0.111493
0.111519
0.111523
0.111707
0.111752
0.111758
0.111765
0.111773
0.111843
0.112128
0.112375
0.112391
0.112393
0.112788
0.112892
0.112894
0.112912
0.112936
0.113161
0.113233
0.113291
0.113446
0.113459
0.113613
0.113625
0.113718
0.113721
0.113783
0.113797
0.113888
0.11392
0.113982
0.114329
0.114339
0.114365
0.114465
0.114496
0.11451
0.114792
0.115072
0.115075
0.115089
0.115156
0.115188
0.115221
0.115409
0.115444
0.115495
0.115527
0.115559
0.115903
0.11595
0.116012
0.116269
0.116423
0.11668
0.116699
0.116942
0.116973
0.116977
0.117287
0.117469
0.117552
0.117687
0.11775
0.118019
0.118209
0.118311
0.118325
0.118343
0.11842
0.118556
0.118854
0.119088
0.119253
0.119678
0.119713
0.119782
0.119806
0.119812
0.11986
0.119884
0.119888
0.11992
0.119967
0.120427
0.120531
0.120581
0.12071
0.120863
0.120971
0.121075
0.121112
0.121174
0.121201
0.121204
0.121218
0.121323
0.12136
0.121612
0.121818
0.121897
0.121972
0.122008
0.122339
0.122383
0.122404
0.122532
0.122589
0.122729
0.122774
0.12292
0.122936
0.12298
0.123014
0.123144
0.123195
0.123446
0.123458
0.123946
0.12408
0.124094
0.124094
0.124148
0.124248
0.124376
0.124501
0.124708
0.124728
0.124766
0.124823
0.12487
0.124878
0.124969
0.12556
0.125585
0.125823
0.12585
0.12588
0.126071
0.126261
0.126324
0.126385
0.126582
0.126642
0.126692
0.126745
0.12675
0.126826
0.126929
0.126941
0.127018
0.127131
0.127207
0.127289
0.12737
0.127471
0.127542
0.127739
0.127809
0.127946
0.128113
0.128172
0.128398
0.128417
0.12842
0.128451
0.128491
0.128639
0.128902
0.129215
0.12955
0.129586
0.129589
0.129657
0.129824
0.129915
0.12992
0.129979
0.129993
0.13009
0.130136
0.130153
0.130301
0.130411
0.13053
0.130589
0.130656
0.130789
0.130828
0.130833
0.130857
0.130861
0.130921
0.130969
0.13105
0.131122
0.131138
0.131453
0.131466
0.13149
0.1315
0.131514
0.131661
0.131731
0.131797
0.131843
0.131875
0.132065
0.132178
0.132219
0.132246
0.132251
0.132268
0.132369
0.132507
0.13254
0.132557
0.132611
0.132684
0.132819
0.132843
0.132853
0.133044
0.133118
0.133132
0.133156
0.133157
0.133159
0.133209
0.13321
0.13338
0.133417
0.133602
0.133657
0.133703
0.133718
0.133822
0.133847
0.134199
0.134265
0.135097
0.135182
0.135184
0.135248
0.135279
0.135298
0.135428
0.135525
0.135676
0.135701
0.135741
0.13578
0.135905
0.135929
0.13603
0.136046
0.136054
0.13606
0.136061
0.136077
0.136205
0.136792
0.136796
0.136818
0.137037
0.13711
0.137277
0.137359
0.137608
0.137622
0.13801
0.138123
0.138259
0.138701
0.138774
0.138815
0.139068
0.139151
0.13963
0.139632
0.139748
0.139779
0.139781
0.139883
0.140205
0.140215
0.140287
0.140288
0.140317
0.14038
0.140548
0.140745
0.140877
0.140923
0.141157
0.14173
0.141823
0.141876
0.141879
0.141921
0.141986
0.142239
0.142259
0.142289
0.142352
0.142355
0.142428
0.142496
0.142602
0.142631
0.142702
0.142822
0.142859
0.142929
0.143197
0.143277
0.143277
0.143347
0.14335
0.143428
0.143449
0.143526
0.143608
0.143632
0.143877
0.143923
0.143947
0.144033
0.144038
0.144122
0.144146
0.144341
0.144373
0.144519
0.144595
0.144633
0.144655
0.144757
0.144787
0.145066
0.145411
0.145423
0.145445
0.145594
0.145706
0.145728
0.145797
0.145812
0.145862
0.145878
0.145982
0.146257
0.146328
0.146328
0.146418
0.146428
0.14677
0.146834
0.146881
0.14689
0.146904
0.146963
0.147006
0.147313
0.147326
0.147349
0.14749
0.147593
0.14763
0.147679
0.1477
0.147978
0.148206
0.148238
0.148238
0.148253
0.148286
0.148608
0.148748
0.148792
0.148807
0.14884
0.148941
0.148999
0.149375
0.149627
0.149741
0.149824
0.149948
0.149972
0.149992
0.150096
0.15039
0.150414
0.15084
0.150855
0.151302
0.151314
0.151431
0.151497
0.151581
0.151725
0.15193
0.151995
0.151996
0.152017
0.152042
0.152097
0.152186
0.152319
0.152795
0.153148
0.153149
0.153283
0.153314
0.153391
0.153793
0.15394
0.154157
0.154169
0.154218
0.154342
0.154347
0.154516
0.154659
0.154715
0.154749
0.154777
0.154902
0.155069
0.155213
0.15539
0.155421
0.155628
0.155629
0.155708
0.155734
0.155816
0.155957
0.156013
0.156038
0.156126
0.156145
0.156216
0.156273
0.156304
0.156364
0.156565
0.156929
0.156973
0.157101
0.15714
0.157576
0.157601
0.157659
0.157707
0.157724
0.157815
0.157843
0.157942
0.157981
0.15814
0.158184
0.158195
0.158261
0.158269
0.158331
0.158428
0.158517
0.158718
0.159057
0.159134
0.159255
0.159349
0.159504
0.159577
0.159644
0.159847
0.16006
0.16009
0.160095
0.160234
0.16025
0.160347
0.160371
0.160845
0.160879
0.161091
0.161365
0.16138
0.161388
0.161424
0.161693
0.161724
0.16174
0.161846
0.161865
0.162244
0.162257
0.162305
0.162353
0.16269
0.162781
0.162787
0.162867
0.163033
0.163054
0.163316
0.163409
0.163638
0.163785
0.163826
0.163891
0.164086
0.164145
0.164173
0.164297
0.164463
0.164491
0.164752
0.164785
0.164807
0.165115
0.165214
0.165348
0.165503
0.165552
0.165722
0.165728
0.165807
0.165854
0.165931
0.166178
0.1663
0.1664
0.166425
0.166438
0.166505
0.166712
0.166883
0.166977
0.167027
0.167057
0.167505
0.167617
0.167836
0.16785
0.168271
0.168423
0.168444
0.168468
0.168583
0.168659
0.168664
0.168683
0.168709
0.168712
0.168913
0.168937
0.168999
0.169038
0.169247
0.169421
0.169465
0.169503
0.169548
0.169596
0.169651
0.169777
0.170075
0.17013
0.17014
0.170627
0.17086
0.170943
0.17096
0.170998
0.171043
0.171122
0.171223
0.171236
0.171514
0.17165
0.171843
0.171875
0.172255
0.172326
0.172539
0.172609
0.172766
0.1729
0.172929
0.173144
0.1733
0.173436
0.173438
0.173609
0.173774
0.173803
0.173941
0.174053
0.174054
0.174076
0.174088
0.174166
0.174274
0.174416
0.174436
0.174464
0.174511
0.174622
0.17482
0.174864
0.17498
0.175036
0.175249
0.175259
0.175496
0.175549
0.175684
0.175713
0.176279
0.176316
0.176531
0.176782
0.176835
0.176912
0.176965
0.177054
0.177378
0.17756
0.178053
0.178376
0.178475
0.17872
0.178751
0.178933
0.178981
0.179173
0.179463
0.179575
0.179854
0.17996
0.180071
0.180102
0.180152
0.180165
0.18021
0.180291
0.180309
0.180317
0.180346
0.180379
0.180393
0.180458
0.180495
0.180582
0.180775
0.180807
0.180888
0.180967
0.181012
0.181079
0.181107
0.181294
0.181351
0.181453
0.181457
0.181521
0.181542
0.181843
0.18199
0.182091
0.182159
0.182485
0.182589
0.182841
0.182867
0.182939
0.183059
0.183088
0.183136
0.18336
0.183456
0.184029
0.184086
0.184585
0.184643
0.184714
0.184717
0.184985
0.185591
0.185601
0.185619
0.185741
0.185799
0.186292
0.186387
0.18648
0.186564
0.186587
0.186613
0.186783
0.187002
0.18701
0.187078
0.187244
0.187532
0.18761
0.187753
0.187967
0.188081
0.188094
0.188121
0.188161
0.1882
0.188731
0.18875
0.188826
0.18885
0.188852
0.18886
0.188873
0.189242
0.189271
0.189439
0.189455
0.189463
0.189521
0.189677
0.189765
0.189896
0.189902
0.189904
0.190122
0.190476
0.190517
0.190602
0.190637
0.190697
0.190713
0.190778
0.190781
0.191319
0.191444
0.191452
0.191491
0.19156
0.191658
0.191672
0.19168
0.19172
0.191902
0.192034
0.192134
0.19232
0.192368
0.192745
0.192752
0.193119
0.193388
0.193551
0.193571
0.193983
0.194078
0.194248
0.194252
0.194642
0.194803
0.194816
0.194911
0.194988
0.195037
0.195063
0.19508
0.19512
0.195124
0.195139
0.19523
0.195317
0.195516
0.19561
0.195626
0.195734
0.195914
0.196317
0.196455
0.19653
0.196597
0.196983
0.197121
0.19717
0.197545
0.197586
0.197602
0.197614
0.197745
0.198049
0.198131
0.198135
0.198654
0.198679
0.198703
0.198705
0.198735
0.198796
0.198902
0.198929
0.198976
0.199143
0.199187
0.199218
0.199351
0.199355
0.199465
0.199478
0.199605
0.199718
0.199813
0.199864
0.199872
0.200014
0.200246
0.200461
0.200667
0.200846
0.200885
0.200979
0.201023
0.201042
0.201122
0.201154
0.201242
0.201333
0.201359
0.201385
0.201538
0.201891
0.202125
0.202308
0.202505
0.202512
0.202636
0.202788
0.203114
0.203116
0.203183
0.203185
0.203518
0.203699
0.20377
0.203808
0.204103
0.204322
0.204365
0.204376
0.204454
0.20447
0.204514
0.204556
0.204612
0.204642
0.204681
0.204713
0.204917
0.205079
0.205174
0.205224
0.205321
0.205462
0.205543
0.205751
0.205987
0.206066
0.206299
0.206561
0.206957
0.207001
0.207128
0.207293
0.207406
0.207406
0.207638
0.20767
0.207724
0.208154
0.20816
0.2082
0.208328
0.20833
0.2084
0.208403
0.208526
0.208749
0.208944
0.20909
0.209155
0.20921
0.209265
0.209375
0.209693
0.209693
0.209844
0.209991
0.210076
0.210111
0.210183
0.210256
0.210485
0.210502
0.210506
0.210564
0.210759
0.210847
0.210871
0.210899
0.210956
0.210974
0.211005
0.211175
0.211223
0.211288
0.211832
0.211836
0.211841
0.211863
0.211984
0.212015
0.212084
0.212107
0.212125
0.212152
0.212249
0.212318
0.212326
0.212492
0.212546
0.212695
0.212706
0.212802
0.212804
0.212875
0.212916
0.213134
0.2132
0.213295
0.213406
0.213462
0.213592
0.213599
0.213618
0.213668
0.213839
0.214074
0.214144
0.214185
0.214401
0.21443
0.214484
0.214707
0.214958
0.215017
0.215058
0.215066
0.215092
0.215115
0.215165
0.215324
0.215429
0.215665
0.215681
0.21573
0.215808
0.215838
0.215925
0.215935
0.216272
0.21633
0.216371
0.216536
0.216555
0.217168
0.217196
0.217276
0.217289
0.217324
0.217341
0.21736
0.217383
0.217486
0.217527
0.217557
0.217558
0.217635
0.217693
0.217887
0.217928
0.217996
0.218027
0.218089
0.218143
0.218151
0.218156
0.218219
0.218296
0.218339
0.218347
0.218461
0.218467
0.218504
0.21861
0.21868
0.218731
0.218736
0.218842
0.218928
0.219053
0.219201
0.219221
0.219337
0.219448
0.219467
0.219513
0.219558
0.219584
0.219743
0.219797
0.219813
0.219979
0.220083
0.220142
0.22027
0.220308
0.220408
0.220722
0.220848
0.22086
0.220879
0.221047
0.221155
0.221284
0.221338
0.221355
0.22147
0.221552
0.221581
0.221601
0.221617
0.221671
0.221708
0.22232
0.222415
0.222499
0.222511
0.222594
0.222857
0.22294
0.223106
0.223215
0.223672
0.22369
0.223697
0.223875
0.223939
0.224033
0.224064
0.224143
0.22417
0.224245
0.224267
0.224281
0.224323
0.224449
0.224612
0.224809
0.224869
0.224949
0.224985
0.225066
0.225155
0.225179
0.225203
0.225392
0.225561
0.22568
0.225839
0.22589
0.226097
0.226213
0.22634
0.226505
0.226509
0.226709
0.226799
0.226904
0.226942
0.227146
0.227236
0.227494
0.227574
0.227607
0.227615
0.227777
0.227782
0.227852
0.227961
0.227971
0.228148
0.228197
0.228278
0.228331
0.228539
0.228641
0.228648
0.228722
0.22881
0.228909
0.228928
0.228985
0.229094
0.229125
0.229163
0.229239
0.229284
0.229425
0.229508
0.229621
0.22967
0.229779
0.229788
0.229839
0.229971
0.230102
0.230246
0.230336
0.230612
0.230621
0.230676
0.230723
0.230876
0.23092
0.23094
0.231013
0.231073
0.231205
0.231293
0.231377
0.231448
0.231626
0.231755
0.231826
0.231981
0.231986
0.232085
0.232097
0.232214
0.232514
0.232542
0.232804
0.232845
0.232862
0.232876
0.23296
0.232997
0.233155
0.233162
0.233176
0.233267
0.233314
0.233431
0.233632
0.233897
0.233989
0.234131
0.234307
0.234455
0.234477
0.234481
0.234701
0.234733
0.234775
0.234838
0.234862
0.235065
0.23526
0.235289
0.235396
0.235405
0.235469
0.235518
0.235641
0.235799
0.236096
0.236135
0.236148
0.236252
0.236345
0.236554
0.236555
0.236697
0.236772
0.236772
0.236786
0.236904
0.23692
0.236955
0.237261
0.237297
0.23734
0.237496
0.237525
0.237528
0.237553
0.237557
0.237592
0.237621
0.237647
0.237744
0.237764
0.237961
0.23848
0.238488
0.238669
0.238701
0.238742
0.238902
0.238927
0.239111
0.239292
0.239427
0.23944
0.239507
0.239655
0.239693
0.239699
0.239781
0.2398
0.239902
0.239978
0.23998
0.240015
0.240079
0.240199
0.240201
0.240335
0.240371
0.240444
0.240492
0.24051
0.240703
0.240715
0.240864
0.240865
0.241077
0.241087
0.241231
0.24135
0.241423
0.24145
0.241597
0.241742
0.241758
0.241783
0.241897
0.242026
0.242047
0.242117
0.242216
0.242281
0.24244
0.242488
0.242537
0.242598
0.242757
0.242759
0.242829
0.242969
0.242987
0.243195
0.243199
0.24328
0.24342
0.243494
0.243989
0.244037
0.244079
0.244162
0.244243
0.244343
0.244345
0.24445
0.24458
0.244713
0.244753
0.244809
0.244868
0.24499
0.245005
0.245079
0.245192
0.245212
0.245219
0.245238
0.24527
0.245295
0.245359
0.245465
0.24551
0.245539
0.245606
0.245701
0.245715
0.245809
0.246353
0.246489
0.246525
0.24654
0.24655
0.246576
0.246586
0.246613
0.246665
0.246747
0.246784
0.246888
0.247036
0.247046
0.24735
0.247421
0.247426
0.247491
0.247541
0.247659
0.247709
0.247752
0.247976
0.248161
0.248517
0.248537
0.248565
0.248589
0.248662
0.248669
0.248791
0.248948
0.249102
0.249176
0.249297
0.249337
0.249414
0.249574
0.249594
0.249639
0.249647
0.249654
0.249721
0.249843
0.249866
0.249889
0.250021
0.250069
0.250101
0.250307
0.250332
0.250516
0.250585
0.250592
0.250683
0.250685
0.250712
0.250934
0.251159
0.25118
0.251181
0.251193
0.251335
0.251336
0.251349
0.251441
0.251446
0.251535
0.251539
0.25158
0.251672
0.251736
0.251765
0.251766
0.251779
0.251954
0.251988
0.25201
0.252012
0.252067
0.252081
0.252113
0.252225
0.252237
0.25227
0.252365
0.25241
0.252419
0.252444
0.252507
0.252541
0.252657
0.252694
0.252896
0.2529
0.252962
0.253113
0.253114
0.253175
0.253214
0.253215
0.253239
0.25358
0.253584
0.25369
0.254173
0.254227
0.254246
0.254323
0.254401
0.254634
0.254674
0.254777
0.255039
0.255084
0.25515
0.255206
0.255302
0.255303
0.255324
0.255366
0.255425
0.255464
0.255522
0.255531
0.255541
0.255541
0.255553
0.255554
0.255964
0.256026
0.256043
0.256116
0.256249
0.256332
0.25637
0.256744
0.25676
0.256761
0.256788
0.257027
0.257085
0.257112
0.257196
0.257559
0.257676
0.257889
0.257903
0.257908
0.25796
0.257984
0.258012
0.258074
0.258168
0.258388
0.258395
0.258442
0.258501
0.258564
0.258592
0.258614
0.258688
0.258702
0.258726
0.25882
0.258908
0.258922
0.258987
0.259097
0.259153
0.259163
0.259219
0.259227
0.259313
0.259517
0.259579
0.259591
0.259639
0.259902
0.259941
0.260256
0.260278
0.260418
0.260546
0.260585
0.260607
0.260614
0.260649
0.260655
0.260773
0.260907
0.260909
0.260968
0.260991
0.261133
0.261268
0.261464
0.261521
0.261663
0.26168
0.261748
0.261798
0.261806
0.261859
0.26192
0.261928
0.261971
0.261973
0.262028
0.262093
0.262192
0.26225
0.262335
0.262354
0.262446
0.262467
0.262492
0.262499
0.262555
0.262629
0.262658
0.26277
0.262776
0.262819
0.262885
0.262889
0.262901
0.263148
0.263199
0.263204
0.263471
0.26354
0.263686
0.263763
0.263773
0.263778
0.264024
0.264048
0.264289
0.264297
0.264368
0.264482
0.264568
0.264585
0.264699
0.264785
0.264832
0.265011
0.265073
0.26524
0.265256
0.265397
0.265402
0.265412
0.265416
0.265455
0.265565
0.265637
0.265686
0.265738
0.26579
0.265835
0.2659
0.265904
0.26595
0.265961
0.266186
0.266187
0.266365
0.266456
0.266633
0.266637
0.266662
0.266775
0.266924
0.26705
0.26709
0.267096
0.267103
0.267175
0.267214
0.267291
0.267348
0.267363
0.267413
0.267421
0.267434
0.267461
0.267471
0.2675
0.267501
0.267637
0.267836
0.267867
0.267878
0.267939
0.267985
0.268084
0.268115
0.268174
0.268262
0.268285
0.268365
0.268382
0.268402
0.268405
0.268438
0.268509
0.268529
0.268577
0.268743
0.268871
0.268984
0.269134
0.269156
0.269177
0.269243
0.269277
0.269354
0.269357
0.2694
0.269402
0.269535
0.269597
0.269697
0.269769
0.269809
0.269835
0.269878
0.269921
0.269923
0.270031
0.270043
0.27019
0.270195
0.270232
0.27035
0.270369
0.270424
0.270499
0.270578
0.270585
0.270589
0.270629
0.270631
0.270675
0.270714
0.270789
0.270804
0.270951
0.271024
0.271028
0.271107
0.271148
0.271195
0.271289
0.271297
0.271326
0.271479
0.271565
0.271688
0.271873
0.271883
0.272103
0.272171
0.272227
0.272236
0.272393
0.272401
0.272447
0.272569
0.272588
0.272641
0.272687
0.272698
0.272703
0.272772
0.272791
0.272794
0.272875
0.273089
0.273103
0.273158
0.273375
0.273417
0.273613
0.273649
0.273731
0.273746
0.273772
0.273829
0.273864
0.273886
0.273912
0.273913
0.273926
0.273931
0.274126
0.274256
0.274347
0.274401
0.274438
0.274646
0.274664
0.274694
0.274757
0.274912
0.274988
0.275038
0.275085
0.275172
0.27525
0.275288
0.275295
0.275346
0.275406
0.275453
0.275465
0.275471
0.275474
0.275479
0.2757
0.275782
0.275866
0.275959
0.275973
0.276048
0.276061
0.276065
0.276119
0.276119
0.276123
0.276196
0.276218
0.276313
0.276385
0.276408
0.276414
0.276423
0.276608
0.276616
0.276701
0.276711
0.276841
0.276854
0.276872
0.276885
0.276956
0.277063
0.277098
0.277113
0.27713
0.277215
0.277244
0.277363
0.277573
0.277576
0.277601
0.277754
0.278108
0.27811
0.278169
0.278329
0.278374
0.278463
0.278541
0.278543
0.278575
0.278727
0.278802
0.278837
0.278851
0.278896
0.278951
0.278971
0.279065
0.279099
0.279154
0.279327
0.279421
0.27943
0.279433
0.279543
0.279571
0.279741
0.279817
0.279841
0.27986
0.279905
0.27997
0.279973
0.280078
0.280148
0.280156
0.280164
0.280284
0.28031
0.280323
0.280522
0.28056
0.2807
0.280731
0.280993
0.281016
0.281118
0.281121
0.281172
0.28129
0.28132
0.281376
0.281376
0.281406
0.281435
0.28153
0.281531
0.281579
0.281651
0.281653
0.281674
0.281694
0.281802
0.282056
0.282165
0.282184
0.282203
0.282209
0.282305
0.282469
0.28247
0.28248
0.282633
0.282686
0.282936
0.28296
0.282976
0.282994
0.283024
0.283034
0.283139
0.283158
0.283162
0.283164
0.28319
0.283226
0.283276
0.283307
0.283445
0.283456
0.283549
0.283559
0.283681
0.283684
0.283743
0.28389
0.283927
0.283971
0.283979
0.284061
0.284085
0.284175
0.284301
0.284331
0.28441
0.284479
0.28453
0.284593
0.284719
0.284751
0.284916
0.284918
0.284959
0.285001
0.285143
0.285165
0.2855
0.285521
0.285636
0.285644
0.285651
0.285719
0.28578
0.285855
0.285973
0.286002
0.286052
0.286199
0.286222
0.286228
0.286238
0.286265
0.286347
0.286365
0.286383
0.286531
0.286535
0.286771
0.286836
0.286848
0.286898
0.286941
0.286946
0.286947
0.286956
0.287038
0.287064
0.287095
0.287113
0.287136
0.287159
0.28721
0.287256
0.28737
0.287386
0.287604
0.287627
0.287637
0.287692
0.287702
0.287732
0.287743
0.287785
0.287811
0.28794
0.288003
0.288026
0.288157
0.288166
0.288192
0.288193
0.288213
0.288315
0.28833
0.288345
0.288411
0.288461
0.288466
0.288555
0.288661
0.288672
0.288727
0.288791
0.288851
0.288854
0.289024
0.289215
0.289611
0.289626
0.289668
0.289686
0.289733
0.289752
0.289798
0.28982
0.289826
0.289891
0.289935
0.289939
0.289988
0.289995
0.290148
0.290239
0.290346
0.290359
0.290511
0.29062
0.290626
0.290694
0.290711
0.290867
0.290931
0.290995
0.291041
0.29106
0.291068
0.291169
0.291195
0.291304
0.291305
0.291417
0.291469
0.291492
0.291541
0.291613
0.291666
0.291694
0.29178
0.291793
0.291841
0.291848
0.291854
0.291863
0.291868
0.291908
0.29192
0.291959
0.292026
0.292092
0.29218
0.292196
0.29221
0.292211
0.292264
0.292274
0.292331
0.292364
0.292405
0.29242
0.292458
0.292465
0.292518
0.292543
0.292545
0.292704
0.29272
0.292819
0.292868
0.292901
0.292907
0.292946
0.292973
0.293082
0.293169
0.293174
0.293204
0.293516
0.293541
0.293549
0.29356
0.293651
0.29373
0.293759
0.29376
0.293778
0.293827
0.293883
0.294009
0.294084
0.294132
0.294153
0.294167
0.294272
0.294319
0.294345
0.294433
0.294459
0.294786
0.294844
0.294974
0.295024
0.29504
0.295253
0.295282
0.295292
0.295403
0.295431
0.295531
0.295591
0.295636
0.295636
0.295699
0.295777
0.295903
0.295909
0.29598
0.295986
0.29599
0.296015
0.29621
0.296245
0.296278
0.296394
0.296459
0.296471
0.296486
0.296499
0.296586
0.296712
0.296803
0.296976
0.296984
0.29701
0.297044
0.297085
0.297095
0.297114
0.297135
0.297179
0.297201
0.297333
0.297394
0.2975
0.297507
0.297566
0.297593
0.297602
0.297908
0.29795
0.29796
0.298003
0.298005
0.298005
0.29802
0.298084
0.298084
0.298109
0.298181
0.298253
0.298256
0.298377
0.29846
0.298463
0.298525
0.298528
0.298542
0.298652
0.298706
0.298732
0.298792
0.29889
0.298896
0.298973
0.298991
0.299011
0.299031
0.299192
0.299197
0.29931
0.299318
0.299342
0.299413
0.299419
0.299436
0.29947
0.299489
0.299523
0.299798
0.299882
0.299905
0.299909
0.299934
0.299945
0.299952
0.29999
0.30001
0.300044
0.300071
0.300116
0.300263
0.300357
0.3004
0.300402
0.300474
0.300585
0.3006
0.300694
0.300757
0.300772
0.300803
0.300879
0.300953
0.300973
0.300982
0.300986
0.301091
0.301094
0.301125
0.301135
0.301142
0.301172
0.30128
0.301344
0.301348
0.301377
0.301407
0.301415
0.30142
0.301436
0.301441
0.301544
0.301663
0.301704
0.301713
0.301753
0.301869
0.301965
0.302142
0.302167
0.302193
0.302329
0.302374
0.302402
0.302414
0.302421
0.302431
0.302438
0.302492
0.30251
0.302581
0.302608
0.302647
0.302657
0.302708
0.302743
0.302761
0.302818
0.302862
0.302865
0.302982
0.303144
0.303162
0.303177
0.30322
0.303228
0.303271
0.303287
0.303294
0.303327
0.303385
0.30341
0.303418
0.303423
0.303528
0.303614
0.303742
0.303774
0.303775
0.303827
0.303834
0.303877
0.304039
0.304046
0.304048
0.304086
0.304186
0.304291
0.304458
0.304512
0.304538
0.304683
0.304775
0.304875
0.304952
0.30497
0.304979
0.304991
0.304995
0.305125
0.305267
0.305481
0.305498
0.305576
0.305632
0.305671
0.305686
0.305766
0.305801
0.305844
0.305892
0.3059
0.306016
0.306054
0.306057
0.306166
0.30634
0.306394
0.306405
0.306516
0.306532
0.306541
0.306542
0.306672
0.306716
0.306791
0.306844
0.306892
0.30696
0.306999
0.307074
0.307146
0.30718
0.307235
0.307257
0.307282
0.30731
0.307318
0.307321
0.30733
0.307425
0.307471
0.307507
0.307509
0.307525
0.307536
0.307541
0.307555
0.307739
0.307822
0.307841
0.307867
0.307935
0.30798
0.307996
0.308175
0.308176
0.308191
0.308237
0.308276
0.308311
0.308324
0.308335
0.30841
0.308419
0.308433
0.308516
0.30852
0.308528
0.308565
0.308598
0.308614
0.308638
0.308668
0.308728
0.308833
0.308886
0.308909
0.308936
0.308943
0.308948
0.308969
0.30903
0.30906
0.309073
0.30913
0.309162
0.30917
0.309173
0.30921
0.309302
0.309325
0.30941
0.309415
0.309419
0.309421
0.309462
0.309472
0.309489
0.309557
0.309651
0.309817
0.309867
0.309895
0.309911
0.309913
0.309965
0.309976
0.309981
0.309987
0.310076
0.31011
0.310115
0.310137
0.310157
0.310196
0.310203
0.310269
0.31027
0.310283
0.310296
0.310357
0.31042
0.310467
0.310469
0.31076
0.310847
0.310847
0.310889
0.310916
0.310949
0.310951
0.311009
0.311058
0.311206
0.311217
0.31123
0.311455
0.311477
0.31148
0.311499
0.311606
0.311649
0.311722
0.311758
0.311807
0.311852
0.311873
0.311901
0.311943
0.311994
0.311996
0.312041
0.312081
0.312202
0.312256
0.312275
0.312291
0.312316
0.312362
0.312381
0.312427
0.312457
0.312478
0.312527
0.31255
0.31256
0.312619
0.312642
0.312694
0.312702
0.312762
0.312781
0.312834
0.312889
0.31292
0.312931
0.312938
0.313017
0.313021
0.313034
0.313052
0.313061
0.313097
0.31312
0.31313
0.313185
0.313256
0.313257
0.313377
0.313395
0.313414
0.313524
0.31359
0.313633
0.313662
0.313705
0.313707
0.313794
0.31384
0.313863
0.31387
0.313904
0.313981
0.314015
0.314017
0.314076
0.314136
0.314141
0.314161
0.314197
0.314283
0.314334
0.314487
0.314537
0.314553
0.314598
0.314623
0.314656
0.314704
0.314743
0.314759
0.314761
0.314795
0.314848
0.314936
0.315058
0.31508
0.315108
0.31515
0.315259
0.315271
0.315272
0.31529
0.315306
0.315348
0.315372
0.315376
0.315402
0.315406
0.315456
0.315462
0.315469
0.315493
0.315499
0.31553
0.315571
0.3156
0.315602
0.315628
0.31567
0.315688
0.315713
0.31574
0.315815
0.315824
0.315871
0.315918
0.315972
0.315982
0.316018
0.316065
0.316089
0.316121
0.316122
0.316173
0.316181
0.31623
0.316331
0.316351
0.316354
0.316424
0.316436
0.31656
0.316568
0.316583
0.316691
0.316707
0.316716
0.316764
0.316769
0.316812
0.316833
0.316853
0.316901
0.316955
0.316961
0.31697
0.317019
0.317159
0.317161
0.317187
0.31742
0.31745
0.317596
0.317641
0.317694
0.317711
0.317759
0.317836
0.31789
0.317914
0.31794
0.317952
0.317988
0.318003
0.318019
0.318052
0.318152
0.318158
0.318209
0.318213
0.318259
0.318333
0.318394
0.318402
0.318415
0.318417
0.318449
0.31847
0.318541
0.318584
0.318591
0.318592
0.318606
0.318612
0.318623
0.318643
0.318718
0.318746
0.31886
0.318899
0.318902
0.319025
0.319086
0.319102
0.319109
0.319152
0.31922
0.319258
0.319296
0.319303
0.319327
0.319369
0.319486
0.319499
0.319513
0.319557
0.319598
0.319615
0.319616
0.319695
0.319807
0.319824
0.319834
0.319851
0.320039
0.32004
0.320046
0.3202
0.320225
0.320248
0.320252
0.320404
0.320416
0.320465
0.320569
0.320598
0.320635
0.320882
0.320923
0.320953
0.321047
0.32106
0.321089
0.321121
0.321137
0.321137
0.321155
0.321176
0.321188
0.321203
0.321259
0.321268
0.321292
0.321312
0.321316
0.32133
0.321346
0.321351
0.321379
0.321398
0.321411
0.32144
0.321444
0.321449
0.321455
0.321456
0.321507
0.321614
0.321737
0.321778
0.321822
0.321909
0.321914
0.322037
0.322043
0.322061
0.322137
0.322151
0.322155
0.322268
0.322292
0.322319
0.32238
0.322452
0.32246
0.322467
0.322473
0.322504
0.322578
0.322601
0.322636
0.32264
0.322651
0.322782
0.322989
0.323008
0.323016
0.323056
0.323121
0.323127
0.323212
0.323433
0.323489
0.323514
0.323521
0.323532
0.323536
0.323568
0.323586
0.323607
0.323628
0.323668
0.32368
0.323689
0.323695
0.323729
0.323735
0.323802
0.323835
0.323866
0.323869
0.323871
0.323894
0.323945
0.323946
0.32397
0.324012
0.324017
0.324029
0.324059
0.324107
0.324181
0.324181
0.324189
0.324225
0.324239
0.324241
0.324264
0.324265
0.324299
0.324335
0.324336
0.324343
0.324418
0.324441
0.324459
0.324556
0.32456
0.324624
0.324635
0.324645
0.324647
0.324659
0.324663
0.324681
0.324688
0.324698
0.324758
0.324771
0.324774
0.324795
0.324818
0.324854
0.324918
0.32494
0.324998
0.325021
0.325022
0.325074
0.325124
0.325135
0.325208
0.325246
0.325255
0.32527
0.325325
0.325355
0.325361
0.325376
0.325419
0.325429
0.325488
0.32549
0.325511
0.325516
0.325528
0.325546
0.325555
0.325588
0.325636
0.325669
0.325711
0.325718
0.325722
0.325739
0.325746
0.325774
0.325802
0.325806
0.325826
0.32587
0.325877
0.325884
0.325889
0.325891
0.325915
0.32592
0.325945
0.325952
0.325975
0.325989
0.326008
0.326029
0.326068
0.326073
0.326145
0.326193
0.326202
0.326272
0.326308
0.326315
0.326327
0.326354
0.326384
0.326396
0.326399
0.326423
0.326438
0.326443
0.326455
0.326459
0.326692
0.3267
0.326741
0.326779
0.326837
0.326855
0.32688
0.326947
0.326963
0.326969
0.326993
0.327003
0.327015
0.327065
0.327093
0.327127
0.327132
0.32714
0.327201
0.327238
0.327249
0.327288
0.327302
0.32738
0.327393
0.32741
0.327421
0.327425
0.327458
0.327487
0.327496
0.327503
0.327513
0.327568
0.327609
0.327625
0.327635
0.327669
0.327701
0.327713
0.32772
0.327756
0.32779
0.327813
0.327875
0.32789
0.327926
0.327953
0.327992
0.328032
0.328048
0.328061
0.328107
0.328145
0.328195
0.328239
0.328243
0.328247
0.328265
0.328319
0.328336
0.328389
0.32848
0.328485
0.328509
0.328512
0.328515
0.328583
0.328608
0.328619
0.328726
0.328749
0.328776
0.328789
0.32882
0.328824
0.328849
0.328859
0.328911
0.328916
0.328954
0.328956
0.329036
0.329062
0.329082
0.329087
0.329103
0.329109
0.329113
0.329162
0.329164
0.329172
0.329207
0.329219
0.329223
0.32924
0.329255
0.329259
0.329264
0.32931
0.329337
0.329361
0.32938
0.329393
0.329424
0.329445
0.32947
0.329472
0.32948
0.329577
0.329625
0.329633
0.329688
0.32969
0.329753
0.329822
0.329828
0.329896
0.329937
0.329944
0.32998
0.329995
0.330004
0.330045
0.330122
0.330206
0.330228
0.330255
0.330259
0.330312
0.330319
0.330319
0.330343
0.330375
0.33041
0.330464
0.330492
0.330551
0.330566
0.33059
0.330603
0.330619
0.330629
0.330632
0.330641
0.330674
0.330692
0.330741
0.330761
0.330797
0.330799
0.33082
0.330851
0.330881
0.330895
0.3309
0.330918
0.330943
0.330955
0.330956
0.330959
0.33097
0.330987
0.330993
0.331006
0.33114
0.3312
0.331212
0.331219
0.331254
0.331294
0.331303
0.33135
0.331369
0.331371
0.331392
0.331443
0.331445
0.331456
0.331459
0.331467
0.331552
0.331686
0.331708
0.331714
0.331728
0.331739
0.331748
0.331758
0.331771
0.331774
0.33183
0.331873
0.331882
0.331892
0.332014
0.332028
0.332037
0.332062
0.332081
0.332108
0.332112
0.332134
0.332169
0.332189
0.332216
0.332245
0.332264
0.332307
0.33232
0.332408
0.332421
0.332424
0.332498
0.332566
0.332584
0.332587
0.332676
0.332678
0.332702
0.332729
0.332757
0.332783
0.33279
0.332847
0.332882
0.332907
0.332984
0.333068
0.333154
0.33317
0.33322
0.333243
0.333332
0.33335
0.333366
0.333375
0.333414
0.333425
0.333429
0.333437
0.333441
0.333444
0.333466
0.333512
0.333522
0.333529
0.333585
0.333599
0.333653
0.333666
0.333705
0.333706
0.333733
0.333734
0.33375
0.333757
0.333763
0.333785
0.333789
0.333826
0.333829
0.333855
0.333883
0.333902
0.333921
0.333934
0.333952
0.333973
0.334
0.334011
0.334026
0.334069
0.334074
0.334104
0.334152
0.334165
0.334183
0.334187
0.334209
0.334213
0.334216
0.334264
0.334315
0.334338
0.334367
0.334374
0.334454
0.334468
0.334471
0.334487
0.334502
0.334513
0.334516
0.334614
0.334648
0.334668
0.33469
0.334691
0.334692
0.33473
0.334764
0.334804
0.334806
0.334824
0.334836
0.334838
0.334867
0.334889
0.334891
0.334902
0.334912
0.334937
0.334968
0.33501
0.335022
0.335023
0.335067
0.335083
0.335114
0.335119
0.335146
0.335149
0.335157
0.335161
0.335178
0.335222
0.335248
0.33528
0.335317
0.335326
0.335332
0.335332
0.335348
0.33536
0.335371
0.335464
0.33548
0.335489
0.335496
0.335498
0.335507
0.33551
0.335515
0.335536
0.335564
0.335575
0.335582
0.335591
0.335608
0.33564
0.33567
0.335672
0.335734
0.335751
0.335759
0.335763
0.335789
0.335819
0.335821
0.335875
0.3359
0.335914
0.335922
0.335935
0.335951
0.335961
0.335982
0.336022
0.33608
0.336083
0.336127
0.336151
0.336197
0.336198
0.336228
0.336259
0.336295
0.336315
0.336318
0.336328
0.336337
0.336341
0.336357
0.336386
0.33639
0.336395
0.336399
0.336401
0.336412
0.336418
0.336442
0.336466
0.336467
0.33647
0.336493
0.336557
0.336563
0.336571
0.336626
0.336639
0.336658
0.33666
0.336673
0.336713
0.336724
0.336737
0.336758
0.3368
0.336824
0.336845
0.336877
0.336909
0.336931
0.336999
0.337012
0.337018
0.337036
0.337045
0.33705
0.337057
0.33707
0.337099
0.337116
0.337131
0.337149
0.337156
0.33716
0.337164
0.337167
0.337179
0.337186
0.337191
0.337206
0.337218
0.337219
0.337237
0.337249
0.337283
0.337284
0.337291
0.337302
0.337345
0.337346
0.337367
0.337378
0.337395
0.337401
0.337462
0.337473
0.337488
0.337589
0.337598
0.337599
0.337606
0.33761
0.337614
0.337655
0.337683
0.337684
0.337685
0.337692
0.337698
0.337703
0.337758
0.337766
0.337768
0.337786
0.337792
0.337865
0.337871
0.33788
0.337896
0.337898
0.3379
0.337908
0.337916
0.337928
0.337938
0.337938
0.337939
0.337959
0.337973
0.338011
0.338024
0.338028
0.338036
0.338076
0.3381
0.338108
0.338108
0.338124
0.338126
0.338148
0.338153
0.338156
0.338201
0.338211
0.338228
0.338239
0.338259
0.338273
0.338277
0.3383
0.338301
0.338302
0.338309
0.33833
0.338342
0.338379
0.338393
0.33843
0.338431
0.338486
0.338491
0.338492
0.338509
0.338522
0.338567
0.338593
0.338595
0.338618
0.338622
0.338644
0.33869
0.338697
0.338723
0.338725
0.338734
0.338768
0.33878
0.338813
0.338821
0.338831
0.338847
0.338853
0.338853
0.338902
0.338921
0.338925
0.338929
0.338932
0.338953
0.338958
0.338967
0.338979
0.339001
0.339005
0.339006
0.33903
0.33903
0.339051
0.339064
0.339067
0.339082
0.339088
0.339102
0.339119
0.339135
0.339142
0.339155
0.339164
0.339167
0.339168
0.339169
0.339169
0.339179
0.339183
0.339195
0.339234
0.339254
0.3393
0.339325
0.339384
0.339408
0.339456
0.339458
0.339462
0.339477
0.339477
0.339496
0.339498
0.339504
0.339524
0.339525
0.339532
0.339537
0.339557
0.339563
0.339588
0.33959
0.339595
0.339595
0.339606
0.339611
0.339617
0.339637
0.339639
0.339644
0.339652
0.339654
0.339669
0.339673
0.339685
0.339697
0.339745
0.339767
0.339768
0.339775
0.33979
0.339798
0.339809
0.339812
0.339838
0.339843
0.339897
0.339911
0.339915
0.339923
0.339931
0.339945
0.339956
0.339962
0.339991
0.339994
0.340006
0.340022
0.340023
0.340053
0.340066
0.340079
0.340081
0.34009
0.340095
0.340101
0.340112
0.340113
0.340116
0.340127
0.340139
0.340145
0.340164
0.340179
0.340183
0.340192
0.340195
0.340204
0.340218
0.340223
0.340227
0.340232
0.340246
0.340259
0.340265
0.340311
0.340319
0.340321
0.340322
0.340329
0.340342
0.340343
0.340394
0.340415
0.34042
0.340432
0.340479
0.340519
0.340524
0.340524
0.340533
0.34055
0.340562
0.34061
0.340619
0.340627
0.340636
0.340645
0.340648
0.34066
0.340661
0.340676
0.340715
0.340717
0.340734
0.340734
0.340766
0.340782
0.340785
0.340791
0.340791
0.340793
0.340811
0.340823
0.340824
0.340827
0.340835
0.340836
0.340859
0.340867
0.340867
0.340874
0.340885
0.340889
0.340889
0.340921
0.340923
0.340931
0.340946
0.340959
0.340966
0.340973
0.340975
0.340978
0.34098
0.340986
0.340994
0.340996
0.341008
0.341027
0.341031
0.341034
0.341035
0.341042
0.341045
0.341059
0.341061
0.341081
0.341083
0.341093
0.341095
0.341101
0.341112
0.341112
0.341127
0.341132
0.341133
0.341137
0.341137
0.341156
0.34116
0.341164
0.341166
0.341183
0.34119
0.341195
0.341197
0.341202
0.341204
0.341208
0.341211
0.341218
0.341222
0.341227
0.341244
0.341249
0.341257
0.341264
0.341267
0.341269
0.341269
0.341272
0.341275
0.341286
0.34129
0.341291
0.341296
0.341302
0.341307
0.341307
0.341323
0.341333
0.341334
0.341342
0.341348
0.341349
0.341351
0.341352
0.341362
0.341364
0.34137
0.341374
0.341384
0.341387
0.341389
0.341392
0.341401
0.341416
0.341419
0.341431
0.341433
0.341434
0.341442
0.341448
0.34145
0.341458
0.341461
0.341467
0.341468
0.341483
0.341486
0.34149
0.341492
0.341496
0.341496
0.341497
0.341507
0.341514
0.341519
0.341533
0.341544
0.341547
0.34155
0.341551
0.341553
0.341564
0.341571
0.341572
0.341592
0.341597
0.341609
0.341612
0.341613
0.341616
0.341619
0.341624
0.341628
0.341631
0.341636
0.341639
0.34164
0.341642
0.341655
0.341657
0.341662
0.341665
0.341666
0.341676
0.341678
0.341678
0.341679
0.341684
0.341696
0.341698
0.3417
0.341702
0.341702
0.341709
0.34171
0.34172
0.341724
0.34173
0.341733
0.341737
0.341741
0.341743
0.341764
0.341765
0.341765
0.341765
0.341766
0.341767
0.341769
0.341769
0.341784
0.341787
0.341788
0.341789
0.34179
0.341792
0.341794
0.341795
0.341798
0.341799
0.341799
0.341804
0.341805
0.341806
0.341808
0.341812
0.341819
0.341824
0.341824
0.341828
0.341834
0.341836
0.341839
0.341839
0.341842
0.341843
0.341844
0.341845
0.341847
0.341857
0.341859
0.341861
0.34187
0.341873
0.341873
0.341874
0.341877
0.341879
0.34188
0.34188
0.341883
0.341884
0.341885
0.341889
0.341894
0.341896
0.341896
0.341898
0.341899
0.3419
0.341901
0.341901
0.341902
0.341903
0.341903
0.341909
0.341911
0.341911
0.341913
0.341916
0.34192
0.34192
0.341924
0.341924
0.341924
0.341925
0.341926
0.341927
0.34193
0.34193
0.34193
0.34193
0.341931
0.341932
0.341932
0.341933
0.341935
0.341939
0.341939
0.34194
0.34194
0.34194
0.341941
0.341942
0.341943
0.341944
0.341944
0.341944
0.341947
0.341949
0.341949
0.341951
0.341952
0.341952
0.341953
0.341953
0.341953
0.341954
0.341954
0.341954
0.341955
0.341956
0.341956
0.341957
0.341957
0.341957
0.341958
0.341958
0.341958
0.341959
0.34196
0.34196
0.34196
0.34196
0.34196
0.34196
0.341961
0.341961
0.341961
0.341961
0.341961
0.341961
0.341961
0.341961
0.341961
0.341961
0.341961
0.341961
0.341961
0.341961
0.341961
0.341961
0.34196
0.34196
0.34196
0.34196
0.34196
0.341959
0.341959
0.341959
0.341958
0.341958
0.341957
0.341956
0.341955
0.341955
0.341955
0.341954
0.341954
0.341954
0.341953
0.341952
0.341952
0.341951
0.341951
0.34195
0.341949
0.341947
0.341943
0.341941
0.341941
0.341939
0.341939
0.341938
0.341938
0.341934
0.341934
0.341933
0.341933
0.341931
0.341931
0.34193
0.341929
0.341929
0.341927
0.341925
0.341925
0.341924
0.341923
0.341922
0.34192
0.341914
0.341914
0.341914
0.341914
0.341913
0.341912
0.341911
0.34191
0.341907
0.341905
0.341904
0.341901
0.3419
0.341897
0.341895
0.341895
0.341885
0.341882
0.341878
0.341878
0.341874
0.341874
0.341874
0.34187
0.34187
0.341868
0.341868
0.341864
0.341863
0.341862
0.341859
0.341858
0.341858
0.341852
0.341851
0.341847
0.341846
0.341844
0.34184
0.34184
0.34184
0.341839
0.341838
0.341838
0.341837
0.341836
0.341833
0.341831
0.341829
0.341829
0.341827
0.341827
0.341825
0.341822
0.341817
0.341812
0.341812
0.341809
0.341808
0.341801
0.341796
0.341794
0.341793
0.341793
0.34179
0.341788
0.341787
0.341786
0.341784
0.341783
0.341783
0.341776
0.341776
0.341773
0.341773
0.34177
0.341768
0.34176
0.341754
0.341753
0.341751
0.34175
0.341748
0.341746
0.341742
0.341742
0.341738
0.341727
0.34171
0.341703
0.3417
0.341698
0.341697
0.341694
0.341692
0.341671
0.341669
0.341666
0.341664
0.341662
0.341656
0.341654
0.341654
0.341653
0.341653
0.341652
0.341647
0.341645
0.341642
0.341633
0.34163
0.341617
0.341613
0.341605
0.341605
0.341602
0.341597
0.341594
0.341593
0.341589
0.341588
0.341569
0.341569
0.341569
0.341552
0.341547
0.341546
0.341542
0.341535
0.341532
0.34153
0.34153
0.341528
0.341526
0.341524
0.341523
0.34152
0.34151
0.341495
0.341491
0.341489
0.341485
0.341484
0.341482
0.341478
0.341461
0.341453
0.341452
0.341436
0.341435
0.341432
0.34143
0.341429
0.341429
0.341426
0.341422
0.34142
0.341419
0.341418
0.341408
0.341402
0.341397
0.34139
0.341357
0.341355
0.341341
0.341334
0.341332
0.34133
0.341327
0.341323
0.34132
0.341309
0.34129
0.341284
0.341276
0.341273
0.341264
0.341264
0.341259
0.341259
0.341243
0.341243
0.341218
0.341218
0.341205
0.341198
0.341185
0.341178
0.341171
0.341168
0.341166
0.34116
0.341157
0.341147
0.341143
0.34114
0.341128
0.341118
0.341117
0.341113
0.341112
0.341089
0.341077
0.341069
0.341068
0.341061
0.341046
0.341044
0.341044
0.341043
0.341042
0.341032
0.341027
0.341025
0.341024
0.341023
0.34102
0.34102
0.341017
0.341007
0.340994
0.340987
0.34098
0.340978
0.340967
0.340964
0.340958
0.340947
0.340934
0.340932
0.340929
0.340927
0.340926
0.34092
0.340919
0.340913
0.340912
0.340902
0.340873
0.340866
0.340866
0.340846
0.340833
0.340805
0.340785
0.340785
0.340774
0.340771
0.340755
0.34074
0.34074
0.340721
0.340686
0.34068
0.340672
0.340663
0.340653
0.340604
0.34058
0.340579
0.340579
0.340576
0.340515
0.340507
0.340505
0.340487
0.340484
0.340478
0.340451
0.340449
0.340434
0.340424
0.340419
0.340415
0.340405
0.340395
0.340379
0.340364
0.340328
0.340315
0.340311
0.340306
0.340292
0.340272
0.340265
0.340259
0.340243
0.340219
0.340209
0.340189
0.340164
0.340159
0.340149
0.340149
0.340146
0.340133
0.340132
0.340126
0.340116
0.340113
0.340112
0.340107
0.340103
0.3401
0.340077
0.340049
0.340042
0.340007
0.340004
0.339993
0.339984
0.339975
0.339963
0.339963
0.339952
0.339941
0.339925
0.339921
0.339914
0.339911
0.339884
0.339875
0.339869
0.339868
0.339863
0.339857
0.339849
0.339825
0.339804
0.339795
0.339765
0.33974
0.339737
0.339735
0.339733
0.339726
0.339705
0.339682
0.339681
0.339661
0.339635
0.339627
0.339595
0.339588
0.339536
0.339518
0.33951
0.339502
0.339497
0.339484
0.339479
0.339479
0.339476
0.339473
0.339471
0.339438
0.339426
0.339417
0.339415
0.339371
0.339368
0.339351
0.339339
0.33933
0.33933
0.339314
0.339308
0.339295
0.339293
0.339287
0.339285
0.339281
0.339258
0.339221
0.339183
0.339177
0.339171
0.339165
0.339133
0.339124
0.339112
0.339111
0.339102
0.339056
0.338989
0.338945
0.338941
0.33892
0.338904
0.338887
0.338887
0.338884
0.338871
0.338854
0.338853
0.338849
0.338848
0.338843
0.338822
0.338818
0.338793
0.338756
0.33875
0.338727
0.338685
0.33867
0.338669
0.338665
0.338639
0.338638
0.338636
0.338624
0.338601
0.338599
0.33859
0.338581
0.33858
0.338553
0.338546
0.338519
0.338518
0.338508
0.33849
0.338479
0.338476
0.338472
0.338425
0.3384
0.338376
0.338337
0.338326
0.338291
0.338288
0.338279
0.338269
0.338263
0.338258
0.338253
0.338235
0.338222
0.338186
0.338153
0.338152
0.338111
0.338105
0.338092
0.338083
0.338061
0.338061
0.338058
0.338052
0.338048
0.33804
0.338035
0.338029
0.338025
0.338021
0.337988
0.337969
0.337968
0.337965
0.337956
0.337942
0.337938
0.337932
0.337922
0.337918
0.337905
0.337886
0.33786
0.337822
0.337814
0.337803
0.337795
0.337784
0.337775
0.337765
0.33773
0.337693
0.337691
0.337682
0.337677
0.337653
0.337644
0.337639
0.337636
0.337628
0.337608
0.337606
0.33759
0.33759
0.33757
0.337569
0.33755
0.337548
0.33754
0.337538
0.337537
0.337504
0.337484
0.337481
0.337472
0.337466
0.337437
0.337429
0.337419
0.337394
0.337384
0.337368
0.337365
0.337358
0.337357
0.337356
0.337343
0.337329
0.337282
0.33726
0.337252
0.337249
0.337242
0.337229
0.337227
0.337218
0.337166
0.337144
0.337125
0.33711
0.337089
0.337051
0.337047
0.337034
0.336998
0.336973
0.336971
0.336913
0.336895
0.336892
0.336852
0.336845
0.336825
0.336775
0.336774
0.336759
0.336751
0.336749
0.336743
0.336738
0.336729
0.336666
0.336634
0.336605
0.336544
0.336475
0.336465
0.33639
0.336354
0.336335
0.336334
0.336322
0.336304
0.336298
0.33629
0.336287
0.336273
0.336271
0.336259
0.336227
0.336226
0.336216
0.336211
0.336209
0.33618
0.336171
0.33616
0.336159
0.336145
0.336143
0.336126
0.336116
0.336095
0.336076
0.335995
0.335945
0.33594
0.335918
0.335895
0.335888
0.335847
0.335846
0.335814
0.335812
0.335809
0.335792
0.335791
0.335775
0.335766
0.335756
0.335747
0.335745
0.335729
0.335676
0.335644
0.335636
0.335624
0.33562
0.335614
0.335576
0.335515
0.335507
0.335492
0.335482
0.335473
0.335469
0.335438
0.335414
0.335394
0.335355
0.335345
0.335324
0.335308
0.335308
0.335302
0.33528
0.335262
0.335258
0.335244
0.335237
0.335231
0.335218
0.335159
0.335132
0.335131
0.335126
0.335123
0.3351
0.335075
0.335069
0.335024
0.335023
0.334997
0.334985
0.334983
0.334983
0.334949
0.334922
0.334894
0.334881
0.334872
0.334872
0.334871
0.334862
0.334861
0.334861
0.334821
0.334814
0.334719
0.334707
0.334682
0.334676
0.334656
0.334654
0.334637
0.334615
0.334595
0.334581
0.334505
0.334477
0.334474
0.334467
0.334465
0.334465
0.334439
0.33442
0.334387
0.334377
0.334362
0.33434
0.33431
0.3343
0.334253
0.334247
0.334176
0.334142
0.334101
0.334063
0.334008
0.334
0.33398
0.333975
0.333928
0.333912
0.333883
0.333784
0.333782
0.333767
0.333765
0.333757
0.333741
0.333725
0.333673
0.333665
0.333651
0.333648
0.333537
0.333534
0.333464
0.333458
0.333449
0.333445
0.333422
0.333401
0.33339
0.333359
0.333358
0.33334
0.333313
0.333251
0.333184
0.33317
0.333123
0.33312
0.333113
0.333108
0.333018
0.332981
0.332978
0.332955
0.332872
0.332831
0.332789
0.332749
0.332724
0.332648
0.332621
0.332532
0.33251
0.332496
0.332468
0.332438
0.332436
0.332401
0.332398
0.332372
0.332357
0.332356
0.332335
0.33229
0.332283
0.332255
0.332214
0.332128
0.332101
0.332082
0.332077
0.332065
0.332044
0.332006
0.33197
0.331967
0.331957
0.331944
0.33193
0.33192
0.331908
0.331881
0.331866
0.331847
0.33184
0.331829
0.331734
0.331724
0.331708
0.331698
0.331673
0.331659
0.331605
0.331574
0.331563
0.331543
0.331512
0.331488
0.331459
0.331439
0.331436
0.3314
0.331367
0.33136
0.33135
0.331319
0.331211
0.331191
0.331181
0.331148
0.331117
0.331099
0.331079
0.331061
0.331052
0.330998
0.330995
0.330959
0.330875
0.330842
0.330825
0.330801
0.330795
0.330759
0.330743
0.330739
0.330738
0.330719
0.330595
0.330479
0.330432
0.330406
0.33036
0.330349
0.330328
0.330245
0.330239
0.330172
0.330152
0.330013
0.330004
0.329996
0.329917
0.329902
0.329897
0.32987
0.329868
0.329852
0.329816
0.329815
0.329806
0.329766
0.329748
0.329708
0.329704
0.329699
0.329691
0.329659
0.329649
0.329647
0.329639
0.329625
0.329592
0.32957
0.329567
0.329544
0.329524
0.329469
0.329459
0.329451
0.329425
0.329394
0.329355
0.329311
0.329303
0.329295
0.329284
0.329203
0.329193
0.329174
0.329152
0.329112
0.329111
0.32911
0.329097
0.32908
0.329066
0.329024
0.328983
0.328961
0.328947
0.328912
0.328869
0.328836
0.328832
0.328818
0.328798
0.328797
0.328789
0.32871
0.328708
0.328703
0.32867
0.328665
0.328658
0.328609
0.328609
0.328579
0.328557
0.328507
0.328483
0.328464
0.328443
0.328423
0.328396
0.328363
0.328289
0.328285
0.328281
0.328228
0.328227
0.328173
0.328168
0.328167
0.32816
0.328135
0.328117
0.328106
0.327885
0.327739
0.327677
0.327641
0.32759
0.327539
0.327486
0.327436
0.32743
0.327422
0.327394
0.327382
0.327351
0.327346
0.327336
0.327295
0.327281
0.327169
0.327156
0.32714
0.327132
0.327099
0.327093
0.327085
0.327063
0.327061
0.327017
0.327002
0.326989
0.326954
0.326952
0.326931
0.326925
0.326845
0.3268
0.326781
0.32676
0.326746
0.326735
0.326729
0.326712
0.326682
0.326616
0.326608
0.326552
0.326542
0.326511
0.326473
0.326441
0.326438
0.326405
0.326377
0.326377
0.326363
0.32634
0.326304
0.326301
0.326282
0.326228
0.326156
0.32615
0.32613
0.326071
0.326046
0.325993
0.325992
0.325899
0.325838
0.325779
0.325763
0.325752
0.325706
0.3257
0.325684
0.325645
0.325625
0.325598
0.325482
0.325463
0.325449
0.325407
0.325321
0.325316
0.325298
0.325256
0.325213
0.325179
0.325142
0.325131
0.325124
0.32508
0.32508
0.325054
0.325052
0.325048
0.32504
0.325008
0.325002
0.324846
0.324809
0.324789
0.324786
0.324775
0.324761
0.324748
0.324743
0.324706
0.324703
0.324684
0.324681
0.324612
0.324587
0.324569
0.324542
0.324523
0.324482
0.324462
0.324438
0.32433
0.324304
0.324248
0.32424
0.324213
0.324161
0.324108
0.324081
0.324066
0.324061
0.32406
0.32402
0.323943
0.323911
0.323902
0.323858
0.323749
0.32374
0.323698
0.323674
0.323632
0.323573
0.323559
0.323508
0.323493
0.323398
0.323357
0.323353
0.3233
0.323257
0.323201
0.323167
0.323132
0.32307
0.323069
0.323047
0.322983
0.322965
0.322938
0.322898
0.322896
0.322878
0.322875
0.322864
0.322854
0.322837
0.322724
0.322685
0.322619
0.322592
0.322589
0.322536
0.322477
0.322404
0.322403
0.322395
0.32235
0.322325
0.322321
0.322312
0.322218
0.322207
0.322179
0.322127
0.32212
0.322105
0.322088
0.322058
0.321969
0.321949
0.321943
0.321939
0.321916
0.321914
0.321904
0.321887
0.321844
0.321837
0.321783
0.321768
0.321742
0.321737
0.321657
0.32163
0.321627
0.321625
0.321621
0.321614
0.321583
0.321571
0.321536
0.321499
0.321499
0.321445
0.321394
0.321383
0.321336
0.321323
0.32132
0.321294
0.321251
0.321209
0.321186
0.321156
0.321111
0.321078
0.321055
0.321022
0.320978
0.320969
0.320932
0.320889
0.320861
0.320857
0.320839
0.320801
0.320763
0.320758
0.320722
0.320669
0.320649
0.320615
0.320574
0.320537
0.320529
0.320527
0.320488
0.320426
0.32042
0.320404
0.320397
0.320364
0.320311
0.320303
0.320275
0.320267
0.320214
0.320171
0.320097
0.320068
0.320055
0.320025
0.319975
0.319944
0.319883
0.31987
0.319796
0.319697
0.319664
0.319664
0.31964
0.31963
0.319598
0.319579
0.319555
0.31947
0.319402
0.319319
0.319168
0.319077
0.319067
0.319052
0.319021
0.318997
0.318979
0.318941
0.318884
0.318879
0.31887
0.318867
0.318823
0.318765
0.318764
0.318745
0.318742
0.318711
0.318696
0.318695
0.318654
0.318644
0.318598
0.318541
0.318514
0.318506
0.318475
0.318448
0.318363
0.318336
0.318318
0.318288
0.31821
0.31817
0.318112
0.318103
0.318068
0.318041
0.31801
0.317985
0.317979
0.317894
0.317842
0.317842
0.317822
0.317763
0.317661
0.317658
0.317647
0.317625
0.317596
0.317595
0.317579
0.317462
0.317317
0.317306
0.31726
0.317239
0.317235
0.317225
0.3172
0.317177
0.317079
0.317077
0.316864
0.316859
0.3168
0.316792
0.316658
0.316593
0.316591
0.316576
0.316568
0.316532
0.316515
0.316445
0.316315
0.316311
0.316283
0.31626
0.316256
0.316219
0.316163
0.316121
0.316119
0.316061
0.316052
0.316023
0.316004
0.316003
0.31596
0.315934
0.31575
0.315741
0.31573
0.315721
0.315692
0.315691
0.315677
0.31565
0.315595
0.31558
0.315573
0.315506
0.315475
0.315461
0.315414
0.315384
0.315345
0.31526
0.315186
0.315164
0.315014
0.315005
0.314973
0.314942
0.31488
0.314826
0.314798
0.314709
0.314571
0.314569
0.314544
0.314498
0.314489
0.314469
0.314452
0.314443
0.314442
0.314355
0.314299
0.314258
0.314236
0.31422
0.314218
0.314152
0.31415
0.314122
0.313954
0.313937
0.313923
0.313868
0.313846
0.313743
0.313726
0.313702
0.313685
0.313658
0.313551
0.313531
0.313522
0.313455
0.31337
0.313264
0.313193
0.31319
0.313157
0.313071
0.313071
0.313055
0.313035
0.313028
0.312926
0.312864
0.312863
0.312809
0.312783
0.312763
0.312763
0.312763
0.312756
0.312714
0.312603
0.312578
0.312569
0.312563
0.312445
0.312431
0.31235
0.312336
0.31232
0.312154
0.312149
0.312032
0.312024
0.311983
0.31193
0.311901
0.311891
0.311883
0.311865
0.311857
0.31178
0.311776
0.311775
0.311751
0.31159
0.31158
0.311556
0.311535
0.311505
0.311491
0.311472
0.311436
0.311436
0.311414
0.31137
0.311309
0.311177
0.311119
0.311062
0.311013
0.310861
0.310789
0.310584
0.31057
0.310521
0.310507
0.310504
0.310486
0.310355
0.310282
0.310221
0.310182
0.310176
0.310122
0.31007
0.310044
0.30998
0.309947
0.309821
0.309811
0.30981
0.309731
0.309698
0.309679
0.30965
0.309628
0.309573
0.309538
0.309523
0.309447
0.309321
0.309314
0.309307
0.309258
0.309241
0.309218
0.309148
0.309137
0.309116
0.309111
0.309097
0.309049
0.309007
0.308959
0.308903
0.308896
0.308815
0.308815
0.308728
0.308661
0.308578
0.308495
0.308427
0.308331
0.308309
0.308259
0.308237
0.308209
0.308121
0.308093
0.308058
0.308056
0.308044
0.308004
0.308003
0.307948
0.307946
0.307859
0.307759
0.307688
0.307488
0.307488
0.30746
0.307324
0.30726
0.307209
0.307148
0.307111
0.307088
0.307033
0.306969
0.306901
0.306897
0.306876
0.306835
0.306814
0.306813
0.306733
0.306726
0.306712
0.306709
0.306708
0.306701
0.306604
0.306563
0.306559
0.306502
0.306421
0.306407
0.306386
0.306285
0.30621
0.306154
0.306143
0.306102
0.306075
0.306056
0.305911
0.305882
0.305753
0.30553
0.305396
0.305384
0.305355
0.305316
0.305144
0.305117
0.305109
0.305097
0.305034
0.304998
0.304934
0.304829
0.3048
0.304794
0.304746
0.304667
0.304552
0.304546
0.304507
0.304507
0.304471
0.304444
0.30441
0.304344
0.304302
0.304284
0.304221
0.304168
0.304086
0.304038
0.304032
0.304011
0.30399
0.303986
0.303983
0.303964
0.303935
0.303841
0.303739
0.303581
0.303476
0.303369
0.30328
0.303259
0.303196
0.303182
0.303157
0.303094
0.303028
0.303013
0.302967
0.302965
0.3029
0.302833
0.302825
0.302817
0.302774
0.302765
0.302742
0.302631
0.302564
0.30247
0.30242
0.302408
0.302369
0.302319
0.302311
0.302303
0.302298
0.30225
0.302206
0.302146
0.302108
0.302096
0.302053
0.302013
0.301966
0.301944
0.301913
0.301911
0.30191
0.301898
0.301851
0.301839
0.301824
0.301725
0.301714
0.301561
0.301549
0.301517
0.301468
0.301354
0.301333
0.301202
0.300905
0.300803
0.300803
0.300783
0.300726
0.300726
0.300675
0.300667
0.300656
0.300647
0.300636
0.30058
0.300484
0.300483
0.300462
0.30038
0.300236
0.300236
0.300231
0.300229
0.300224
0.300192
0.300167
0.300082
0.300056
0.29996
0.299955
0.299856
0.299838
0.29983
0.299821
0.299778
0.299774
0.299589
0.299578
0.299551
0.299413
0.299402
0.299348
0.299324
0.299265
0.299141
0.299123
0.299087
0.299061
0.29902
0.29898
0.298912
0.298811
0.298642
0.298585
0.298529
0.298527
0.298513
0.298412
0.298391
0.298376
0.298349
0.29832
0.298287
0.298234
0.298203
0.298098
0.298059
0.297971
0.297966
0.297965
0.297928
0.297911
0.297796
0.297744
0.297707
0.297653
0.297615
0.297605
0.297593
0.297569
0.297512
0.297499
0.297493
0.297403
0.297365
0.297326
0.297231
0.297122
0.29712
0.297101
0.296966
0.29677
0.296768
0.296723
0.29658
0.296571
0.296514
0.296403
0.296398
0.296355
0.296315
0.296278
0.296237
0.296233
0.296181
0.296108
0.296022
0.295926
0.295797
0.295635
0.295619
0.295602
0.295585
0.295585
0.295492
0.295482
0.295471
0.295453
0.295344
0.295286
0.295237
0.295107
0.295055
0.294763
0.294681
0.29465
0.294648
0.294548
0.29454
0.294452
0.29444
0.294393
0.294388
0.294344
0.294323
0.294213
0.294115
0.294109
0.294073
0.294068
0.293748
0.293743
0.293669
0.293646
0.293644
0.293504
0.293458
0.293351
0.293331
0.2933
0.293246
0.293209
0.2932
0.293169
0.293157
0.293094
0.292971
0.29296
0.292889
0.292717
0.292684
0.292657
0.292559
0.29254
0.292525
0.29242
0.292402
0.292349
0.292346
0.292319
0.292274
0.29222
0.292179
0.292074
0.292072
0.292
0.292
0.291985
0.291931
0.291929
0.291895
0.2917
0.291673
0.291657
0.291542
0.291395
0.291361
0.291328
0.291284
0.291263
0.291243
0.291235
0.291153
0.291013
0.290903
0.290897
0.290809
0.29076
0.290739
0.290738
0.290659
0.290557
0.290541
0.290445
0.290399
0.290364
0.290315
0.290289
0.290266
0.290252
0.290241
0.290139
0.290062
0.289935
0.289768
0.289693
0.289637
0.289622
0.289621
0.289488
0.289483
0.289425
0.289416
0.289173
0.289106
0.289103
0.289099
0.289086
0.289061
0.288982
0.288975
0.288906
0.288859
0.288752
0.28862
0.288507
0.288478
0.288372
0.28831
0.28829
0.288048
0.287972
0.287725
0.287592
0.287576
0.287564
0.287547
0.287515
0.287509
0.287502
0.287498
0.287464
0.287437
0.287401
0.287287
0.287201
0.287112
0.286971
0.286872
0.286857
0.286853
0.286739
0.286686
0.286672
0.286599
0.286561
0.286449
0.286431
0.286427
0.286307
0.286001
0.285892
0.285864
0.285734
0.285676
0.285632
0.285579
0.285537
0.285444
0.285245
0.285164
0.284926
0.284907
0.284868
0.284862
0.284857
0.284817
0.284753
0.284748
0.284731
0.284731
0.284658
0.284543
0.284512
0.284434
0.284422
0.284305
0.284233
0.284215
0.284208
0.284107
0.284053
0.283862
0.283802
0.283735
0.283727
0.283723
0.283703
0.28368
0.283677
0.283669
0.283656
0.283592
0.283522
0.283499
0.28346
0.283429
0.283312
0.283241
0.283078
0.283009
0.282991
0.282972
0.282831
0.28272
0.282686
0.282434
0.282427
0.282321
0.282318
0.282228
0.282195
0.282189
0.282098
0.281737
0.281509
0.28144
0.281339
0.281325
0.281305
0.28129
0.281266
0.281236
0.281231
0.281212
0.281211
0.281202
0.280859
0.280623
0.280615
0.280584
0.280305
0.280271
0.280197
0.280191
0.280149
0.280141
0.280023
0.279915
0.279891
0.279847
0.279779
0.279772
0.279687
0.279646
0.279634
0.279623
0.279604
0.279481
0.279441
0.279432
0.279346
0.279293
0.279254
0.279236
0.279231
0.279143
0.279137
0.279096
0.279063
0.278999
0.278933
0.278819
0.278791
0.278766
0.278754
0.278753
0.278727
0.278715
0.278689
0.278688
0.278674
0.278642
0.278514
0.278505
0.278392
0.278318
0.278243
0.278226
0.278216
0.278124
0.278055
0.278052
0.278042
0.277892
0.277683
0.277558
0.277545
0.277442
0.277436
0.277223
0.277211
0.277127
0.277126
0.277109
0.276895
0.276852
0.276746
0.276744
0.27673
0.276543
0.276526
0.276514
0.275931
0.275841
0.275801
0.275798
0.275785
0.275559
0.275534
0.275512
0.275464
0.275387
0.275342
0.275315
0.275266
0.275245
0.27521
0.275185
0.275095
0.274982
0.274971
0.274962
0.274917
0.274899
0.274879
0.274866
0.274844
0.27481
0.274804
0.274735
0.274601
0.27446
0.274376
0.274375
0.274349
0.274285
0.274205
0.274196
0.27405
0.274033
0.273912
0.273739
0.273637
0.273623
0.273456
0.273432
0.273396
0.273355
0.273183
0.273153
0.273075
0.273022
0.273008
0.272964
0.272944
0.272823
0.272661
0.272586
0.272499
0.272428
0.272365
0.272342
0.27222
0.272215
0.272098
0.271952
0.271899
0.271746
0.271744
0.271685
0.27163
0.271598
0.27159
0.271519
0.271486
0.271379
0.271354
0.271338
0.271304
0.271254
0.271233
0.271203
0.271107
0.270942
0.27091
0.270755
0.270725
0.270664
0.270633
0.270566
0.270443
0.270433
0.270381
0.270304
0.270278
0.27021
0.270189
0.270042
0.269891
0.269742
0.269631
0.269529
0.269505
0.269505
0.269498
0.269425
0.269387
0.269311
0.269298
0.269268
0.269106
0.269018
0.268987
0.268907
0.268772
0.268766
0.268683
0.268652
0.268573
0.268563
0.268533
0.268517
0.268336
0.268325
0.268215
0.268132
0.268013
0.267854
0.267791
0.267706
0.267626
0.267602
0.267525
0.267486
0.267402
0.26738
0.267365
0.267036
0.26696
0.266827
0.266773
0.266722
0.266438
0.266375
0.266368
0.266264
0.266227
0.266121
0.265984
0.265904
0.265889
0.265824
0.2658
0.26578
0.26576
0.26572
0.265525
0.265439
0.26542
0.265294
0.265273
0.265269
0.265248
0.265126
0.265059
0.264997
0.26491
0.26489
0.264864
0.264821
0.264693
0.264599
0.264586
0.264337
0.264269
0.264165
0.264118
0.264035
0.263986
0.263951
0.263931
0.263879
0.263798
0.263796
0.263698
0.263555
0.263546
0.263535
0.263374
0.263316
0.263284
0.263237
0.263204
0.263172
0.26317
0.263077
0.263062
0.263062
0.263021
0.26298
0.262829
0.262634
0.262599
0.262599
0.262569
0.262298
0.262293
0.262291
0.262252
0.262181
0.26218
0.262119
0.262085
0.26189
0.261859
0.261674
0.261617
0.261319
0.261105
0.2611
0.261013
0.261003
0.260986
0.260938
0.260906
0.260901
0.260889
0.260882
0.260717
0.260458
0.260446
0.260251
0.260176
0.259994
0.259858
0.259782
0.259776
0.259754
0.25963
0.259517
0.259473
0.259414
0.259358
0.259261
0.259232
0.259176
0.259143
0.25912
0.259064
0.259054
0.258983
0.258921
0.258903
0.258675
0.258524
0.258523
0.258518
0.258323
0.258258
0.258243
0.258203
0.258197
0.257987
0.257881
0.257862
0.257791
0.257712
0.257702
0.257652
0.257604
0.257558
0.257547
0.257476
0.257424
0.257357
0.257351
0.257309
0.257269
0.257213
0.25711
0.257096
0.257082
0.257068
0.256818
0.256797
0.256726
0.256378
0.256235
0.256212
0.256196
0.25613
0.25612
0.255843
0.255667
0.255568
0.255528
0.255487
0.255487
0.255479
0.255442
0.25542
0.255311
0.255295
0.255112
0.255094
0.255062
0.255037
0.254911
0.254808
0.254798
0.254757
0.254603
0.254291
0.25429
0.254222
0.254164
0.254097
0.25401
0.253991
0.253726
0.253544
0.253511
0.253425
0.253424
0.253153
0.253128
0.253081
0.253067
0.252988
0.252729
0.252692
0.252664
0.252628
0.252461
0.252434
0.252269
0.252115
0.252021
0.251981
0.251935
0.251923
0.251451
0.251361
0.251337
0.25126
0.251194
0.251149
0.251107
0.251101
0.250842
0.250837
0.250644
0.250616
0.25057
0.250558
0.250516
0.250502
0.250451
0.250333
0.250305
0.25024
0.250115
0.250112
0.25011
0.250021
0.249983
0.249879
0.249743
0.249721
0.249685
0.249591
0.249573
0.249499
0.249446
0.249309
0.249277
0.249221
0.249133
0.248998
0.248954
0.248934
0.24888
0.248814
0.24879
0.248746
0.248699
0.248378
0.248313
0.248231
0.24816
0.248142
0.248116
0.248066
0.247896
0.247829
0.247788
0.247671
0.247601
0.247563
0.247461
0.247292
0.247192
0.247167
0.247164
0.247135
0.247112
0.247055
0.247051
0.246879
0.246822
0.246805
0.24665
0.246532
0.246499
0.246451
0.246407
0.2463
0.246269
0.246238
0.246145
0.246028
0.246022
0.245966
0.245726
0.245456
0.245402
0.245268
0.245239
0.244924
0.244891
0.244871
0.244859
0.244713
0.24467
0.244593
0.244436
0.244394
0.244349
0.244308
0.244296
0.244262
0.244246
0.244152
0.244091
0.244049
0.243906
0.243892
0.243873
0.243792
0.243624
0.243552
0.243452
0.243339
0.24331
0.243294
0.24324
0.243229
0.243169
0.243099
0.243022
0.242688
0.242483
0.242298
0.242193
0.242005
0.241951
0.241937
0.241722
0.241403
0.241184
0.241144
0.241127
0.241109
0.241078
0.241056
0.240925
0.24086
0.24075
0.240676
0.240584
0.240477
0.240448
0.240383
0.240271
0.240244
0.240202
0.24019
0.240156
0.24012
0.240106
0.240051
0.239955
0.239594
0.239587
0.239561
0.239556
0.239399
0.239372
0.23871
0.238605
0.238555
0.238488
0.238448
0.238361
0.238234
0.238221
0.238096
0.238063
0.237971
0.237897
0.237845
0.237813
0.237642
0.237639
0.23759
0.237543
0.237454
0.237386
0.237292
0.237258
0.23712
0.237007
0.236992
0.236936
0.236876
0.236825
0.236799
0.23674
0.236697
0.236575
0.236569
0.236451
0.236415
0.236386
0.236374
0.236312
0.235999
0.23599
0.235957
0.235831
0.235623
0.235358
0.235259
0.23513
0.235098
0.235076
0.235069
0.235018
0.235001
0.234924
0.23489
0.234671
0.234612
0.234601
0.234564
0.234552
0.234526
0.234485
0.234451
0.234371
0.234189
0.23403
0.233893
0.233672
0.233666
0.233419
0.233099
0.233041
0.233003
0.232926
0.232793
0.23269
0.232651
0.232567
0.232437
0.232339
0.232174
0.232117
0.232094
0.231988
0.231945
0.231899
0.231768
0.231737
0.231639
0.231636
0.231589
0.231563
0.231128
0.231098
0.231077
0.230959
0.230815
0.230613
0.230589
0.230445
0.230438
0.230248
0.230135
0.230044
0.229989
0.22966
0.229575
0.229464
0.229444
0.229427
0.229409
0.229104
0.229019
0.228972
0.2289
0.228825
0.228589
0.228579
0.228503
0.228114
0.228107
0.227998
0.227981
0.227949
0.227936
0.2278
0.227566
0.227514
0.227487
0.227443
0.22742
0.227358
0.227159
0.227134
0.227035
0.227025
0.226768
0.226739
0.226722
0.226674
0.22662
0.226575
0.226487
0.226464
0.226268
0.226259
0.226251
0.226107
0.2261
0.226078
0.225981
0.225914
0.225873
0.225785
0.225762
0.225699
0.225562
0.225468
0.225385
0.225363
0.225129
0.22503
0.224983
0.224905
0.224903
0.224841
0.224821
0.224766
0.224704
0.22465
0.224557
0.224366
0.224337
0.224211
0.223948
0.223839
0.22374
0.223731
0.223551
0.223522
0.223522
0.223482
0.223441
0.223406
0.223385
0.223316
0.22325
0.223227
0.223152
0.223046
0.222921
0.222918
0.222893
0.222788
0.222773
0.222618
0.222604
0.222565
0.222562
0.222544
0.222478
0.222472
0.222432
0.222346
0.222338
0.222317
0.222225
0.222054
0.222051
0.222025
0.221964
0.221952
0.221944
0.221881
0.221839
0.221817
0.221789
0.221735
0.22166
0.221587
0.22149
0.221428
0.221416
0.221414
0.221056
0.220953
0.22094
0.220909
0.220835
0.220755
0.220618
0.220603
0.220596
0.220549
0.220475
0.220401
0.220346
0.220157
0.220099
0.219837
0.219793
0.219604
0.219586
0.219265
0.219186
0.218996
0.218996
0.218298
0.218171
0.218033
0.217826
0.217789
0.21761
0.217605
0.217549
0.217531
0.217527
0.217139
0.217114
0.216908
0.216687
0.216622
0.216611
0.216314
0.216311
0.216306
0.2163
0.216242
0.216106
0.216095
0.216067
0.216026
0.215861
0.215722
0.215709
0.21567
0.215618
0.215474
0.215435
0.215335
0.215287
0.215284
0.215282
0.215209
0.215148
0.215105
0.214983
0.214979
0.214702
0.214603
0.214553
0.214518
0.214482
0.214411
0.214315
0.214004
0.213817
0.213658
0.213507
0.213501
0.213371
0.213321
0.213276
0.213118
0.213082
0.213005
0.212892
0.212776
0.212584
0.212555
0.212488
0.212439
0.21218
0.212112
0.21203
0.211923
0.211897
0.211882
0.211788
0.211747
0.211656
0.211572
0.211506
0.211388
0.211358
0.211356
0.211325
0.211323
0.211208
0.211146
0.21114
0.211099
0.21105
0.21103
0.21088
0.210725
0.210628
0.210607
0.210602
0.210422
0.210401
0.210269
0.210225
0.210224
0.210206
0.210132
0.209939
0.209874
0.209756
0.209586
0.209577
0.209329
0.209262
0.209162
0.209148
0.209106
0.209052
0.208977
0.208933
0.20884
0.208838
0.208833
0.208824
0.20864
0.208567
0.208545
0.208522
0.208505
0.208355
0.20835
0.208312
0.208055
0.208041
0.207958
0.207915
0.207839
0.207717
0.207653
0.207631
0.207443
0.20742
0.207359
0.207274
0.207262
0.207143
0.207051
0.206925
0.206908
0.206765
0.206702
0.206489
0.206481
0.206459
0.206393
0.206221
0.206205
0.205988
0.205964
0.205898
0.205878
0.205872
0.205792
0.205771
0.205557
0.205286
0.205132
0.205123
0.20499
0.204721
0.204707
0.20464
0.204632
0.204593
0.204556
0.204264
0.204193
0.204169
0.204132
0.204004
0.20398
0.20376
0.203627
0.203624
0.203531
0.203443
0.203361
0.203357
0.203327
0.202903
0.20285
0.202808
0.202777
0.202776
0.202697
0.202677
0.202435
0.202368
0.202194
0.202174
0.202113
0.202055
0.201969
0.201802
0.201761
0.201708
0.201686
0.201418
0.201415
0.201335
0.201305
0.201034
0.200704
0.200675
0.200455
0.20024
0.200222
0.20017
0.199558
0.199203
0.19893
0.198794
0.198771
0.198754
0.198727
0.198688
0.19837
0.198362
0.198225
0.197995
0.197848
0.197765
0.197735
0.197553
0.197368
0.197363
0.197173
0.196899
0.196475
0.196468
0.196332
0.196147
0.196102
0.196052
0.19598
0.195966
0.195965
0.195954
0.195666
0.195428
0.195397
0.195187
0.195102
0.195066
0.19506
0.195041
0.194753
0.194695
0.194607
0.1946
0.194584
0.19457
0.194556
0.194543
0.194538
0.194456
0.194434
0.194401
0.194281
0.194118
0.194076
0.194069
0.193933
0.193826
0.193798
0.193643
0.193539
0.19352
0.193422
0.193314
0.193263
0.193131
0.19299
0.192954
0.192895
0.192894
0.192741
0.19253
0.192524
0.192468
0.192158
0.192065
0.192036
0.192022
0.191935
0.19172
0.191691
0.191573
0.191404
0.191279
0.191276
0.191255
0.191197
0.191088
0.191019
0.190924
0.190896
0.190716
0.190667
0.190526
0.190508
0.19046
0.190458
0.190423
0.190397
0.190317
0.190129
0.190014
0.189873
0.189649
0.189566
0.189551
0.189432
0.189368
0.18929
0.189195
0.18919
0.189104
0.189018
0.188968
0.188873
0.188748
0.188732
0.188502
0.188242
0.188235
0.188019
0.187938
0.187692
0.187642
0.187637
0.187611
0.187566
0.187481
0.187419
0.187382
0.18718
0.186977
0.186868
0.18682
0.18672
0.186717
0.186689
0.186579
0.186483
0.186427
0.186425
0.186349
0.185717
0.1857
0.185433
0.185362
0.185261
0.185158
0.185085
0.185007
0.184899
0.184819
0.184783
0.184723
0.184498
0.18449
0.184425
0.184376
0.18433
0.184195
0.184175
0.184119
0.184114
0.18398
0.183768
0.183758
0.183682
0.18345
0.183375
0.183306
0.183215
0.182977
0.182945
0.182921
0.182793
0.182653
0.182645
0.182605
0.18255
0.182341
0.182297
0.182242
0.182127
0.1821
0.182072
0.182001
0.181921
0.181807
0.181502
0.181148
0.18096
0.180894
0.180852
0.180825
0.180802
0.1807
0.180659
0.180603
0.180484
0.180277
0.180209
0.180173
0.179885
0.179855
0.179807
0.179796
0.179692
0.179566
0.1795
0.179367
0.179344
0.179295
0.179254
0.179016
0.178776
0.178764
0.178629
0.1786
0.178567
0.17847
0.178409
0.178384
0.178284
0.178238
0.178229
0.178118
0.177895
0.177883
0.17747
0.177016
0.176992
0.176863
0.176621
0.176319
0.176274
0.176116
0.175828
0.175535
0.175474
0.17509
0.17509
0.175032
0.175003
0.174826
0.17481
0.174809
0.174775
0.174744
0.174679
0.17458
0.174576
0.174553
0.174483
0.174329
0.174254
0.174242
0.174229
0.174211
0.174186
0.174184
0.174162
0.174157
0.17406
0.174028
0.174013
0.173943
0.173859
0.173654
0.173646
0.173506
0.173278
0.173001
0.172944
0.172868
0.17274
0.172669
0.172295
0.172282
0.172241
0.171866
0.171778
0.17168
0.171611
0.17152
0.171511
0.171389
0.171144
0.171072
0.170993
0.17093
0.170913
0.170906
0.170765
0.170677
0.170645
0.170607
0.170598
0.170554
0.170478
0.170445
0.17041
0.170398
0.170325
0.169965
0.169892
0.169763
0.169731
0.169725
0.16962
0.169507
0.169492
0.169391
0.169039
0.169007
0.168855
0.168786
0.168758
0.168536
0.168443
0.168414
0.168103
0.168065
0.168063
0.167923
0.167872
0.167856
0.167775
0.167744
0.167658
0.16757
0.167563
0.167544
0.16733
0.167141
0.167047
0.167037
0.166961
0.166926
0.166911
0.166886
0.166704
0.166689
0.166567
0.166521
0.166351
0.166255
0.166222
0.166181
0.165875
0.165776
0.165707
0.165341
0.165202
0.165116
0.165009
0.164983
0.164969
0.164665
0.164626
0.164582
0.164533
0.164441
0.164394
0.164154
0.164088
0.16406
0.163932
0.163897
0.163796
0.163756
0.163676
0.163674
0.163399
0.163261
0.163024
0.163024
0.162934
0.162747
0.162687
0.162425
0.162401
0.16235
0.162178
0.162139
0.162092
0.162057
0.162026
0.16199
0.161933
0.16172
0.16153
0.161497
0.161462
0.161359
0.16133
0.161222
0.161159
0.161046
0.16097
0.160917
0.16075
0.160714
0.160483
0.160385
0.160359
0.160304
0.160303
0.16023
0.160075
0.16003
0.159785
0.159728
0.159635
0.159629
0.159484
0.1593
0.159212
0.159146
0.158926
0.158838
0.158794
0.158778
0.158488
0.158426
0.158269
0.158247
0.158209
0.158161
0.157969
0.157952
0.157927
0.157868
0.157852
0.157794
0.157769
0.157742
0.157455
0.157357
0.157209
0.157084
0.156942
0.156928
0.156867
0.156653
0.156607
0.156551
0.156512
0.156425
0.156404
0.156304
0.156248
0.156202
0.156112
0.156098
0.155926
0.155607
0.155396
0.155202
0.15514
0.155131
0.15507
0.155062
0.154996
0.154712
0.15468
0.154675
0.15465
0.154358
0.154319
0.154263
0.154138
0.154133
0.153994
0.153931
0.153723
0.153697
0.153645
0.153624
0.153609
0.15333
0.153091
0.153042
0.152893
0.152863
0.152844
0.152835
0.152652
0.152586
0.152444
0.152334
0.152213
0.151715
0.151587
0.15157
0.15153
0.151327
0.151297
0.151288
0.151282
0.151232
0.151224
0.1511
0.151023
0.150987
0.150895
0.15083
0.150517
0.150431
0.150324
0.15022
0.150182
0.150148
0.150124
0.149993
0.149909
0.1498
0.149774
0.149747
0.149704
0.14957
0.149186
0.148934
0.148887
0.148856
0.148806
0.148647
0.148451
0.148392
0.148154
0.148143
0.147926
0.147506
0.14747
0.147443
0.147413
0.14739
0.147334
0.147315
0.147282
0.147255
0.147107
0.147101
0.146967
0.146929
0.146833
0.146737
0.146575
0.146474
0.146293
0.14629
0.146284
0.146063
0.145996
0.145919
0.145911
0.145839
0.145776
0.145699
0.145544
0.145469
0.145322
0.144944
0.144928
0.144886
0.144814
0.144561
0.14421
0.144182
0.144159
0.144106
0.144021
0.143805
0.143788
0.143756
0.143688
0.143661
0.143565
0.14352
0.143513
0.143353
0.142949
0.142917
0.1429
0.14255
0.14249
0.142311
0.142132
0.14203
0.141984
0.141962
0.141954
0.141941
0.14167
0.141667
0.141535
0.141265
0.141235
0.140944
0.140921
0.1409
0.140046
0.13989
0.139886
0.139717
0.13971
0.13951
0.139415
0.139353
0.139312
0.139307
0.138962
0.138944
0.138862
0.138735
0.138704
0.138595
0.138411
0.138351
0.138256
0.138249
0.138126
0.138062
0.137459
0.137216
0.137073
0.136992
0.136987
0.136868
0.136856
0.136785
0.136619
0.136571
0.136517
0.136438
0.136241
0.136223
0.136168
0.136122
0.135671
0.135664
0.135645
0.135517
0.135338
0.135083
0.134919
0.134878
0.134835
0.134831
0.134666
0.134641
0.134608
0.134599
0.134312
0.13423
0.134192
0.134075
0.134047
0.134036
0.13403
0.133899
0.133802
0.133678
0.133676
0.133581
0.133571
0.133456
0.132926
0.132742
0.132588
0.132449
0.132389
0.132368
0.132151
0.131974
0.131784
0.131479
0.13128
0.131178
0.13112
0.131069
0.131062
0.131041
0.131039
0.130946
0.130752
0.130711
0.130702
0.130673
0.130513
0.13051
0.130293
0.130261
0.129989
0.129965
0.129959
0.129869
0.129666
0.129523
0.129452
0.129422
0.129351
0.129329
0.129324
0.129318
0.129148
0.129111
0.129073
0.129049
0.129038
0.128989
0.128938
0.128897
0.128857
0.128356
0.128281
0.128059
0.127847
0.127835
0.127471
0.127359
0.127192
0.127162
0.126907
0.126881
0.126794
0.126703
0.126474
0.126386
0.126382
0.126019
0.125716
0.125711
0.125698
0.125617
0.12559
0.125561
0.125512
0.12518
0.124977
0.1249
0.12487
0.124779
0.124746
0.124417
0.124307
0.124303
0.124268
0.124195
0.124195
0.124032
0.12398
0.123928
0.123908
0.12377
0.123677
0.123664
0.123637
0.123491
0.123418
0.123412
0.12311
0.12297
0.122952
0.122939
0.122874
0.122748
0.122747
0.122698
0.122546
0.122229
0.122003
0.121908
0.121804
0.121782
0.121716
0.121546
0.121524
0.121466
0.121433
0.121392
0.121288
0.12124
0.121169
0.120964
0.120921
0.120913
0.12076
0.12075
0.120624
0.120477
0.120371
0.12031
0.120158
0.120151
0.120147
0.119784
0.119699
0.119617
0.119543
0.11954
0.119421
0.119378
0.119371
0.119352
0.119323
0.119277
0.11924
0.11917
0.119115
0.119093
0.118919
0.11873
0.118662
0.118577
0.118466
0.118407
0.118236
0.118209
0.118165
0.118159
0.118159
0.117942
0.117915
0.117709
0.11761
0.117524
0.117465
0.117451
0.117447
0.117291
0.11706
0.117015
0.116945
0.116808
0.116791
0.116678
0.116664
0.116656
0.11649
0.11646
0.116309
0.116187
0.116088
0.115681
0.115641
0.115474
0.115371
0.115283
0.115258
0.115106
0.115088
0.115011
0.115002
0.114927
0.114869
0.114856
0.114817
0.114608
0.114505
0.114375
0.114295
0.114174
0.114058
0.113631
0.113467
0.113448
0.113381
0.113298
0.113197
0.11319
0.113181
0.113162
0.113075
0.112958
0.112958
0.11289
0.112849
0.112583
0.112123
0.111951
0.111908
0.111843
0.111731
0.111702
0.111634
0.111523
0.111467
0.111401
0.111366
0.111245
0.110958
0.110889
0.110854
0.110786
0.110772
0.110701
0.110592
0.110508
0.110226
0.110051
0.109878
0.109833
0.109796
0.109768
0.109734
0.109519
0.109502
0.109385
0.109251
0.108988
0.108971
0.10895
0.108923
0.108914
0.10884
0.108721
0.108662
0.108661
0.108639
0.108639
0.108572
0.108505
0.108373
0.108328
0.108321
0.108276
0.108205
0.108063
0.108052
0.107928
0.10792
0.107887
0.107389
0.107227
0.107123
0.107054
0.106948
0.106865
0.106732
0.10668
0.106419
0.106377
0.10636
0.106208
0.10593
0.105887
0.105726
0.105706
0.105696
0.105307
0.10523
0.104543
0.104512
0.104373
0.104317
0.104217
0.104103
0.103937
0.103896
0.103852
0.103818
0.103811
0.103784
0.103756
0.103732
0.103617
0.103279
0.103019
0.102986
0.102674
0.102406
0.102374
0.102314
0.102201
0.102135
0.102103
0.102032
0.102014
0.101716
0.101708
0.101429
0.101386
0.101333
0.101332
0.101287
0.101285
0.101061
0.101046
0.100876
0.100836
0.100731
0.100632
0.100594
0.100522
0.100347
0.10034
0.100206
0.100163
0.100154
0.09956
0.0995242
0.0994014
0.0993811
0.0992506
0.0992179
0.0991967
0.0991798
0.0990072
0.0989
0.0988239
0.0987055
0.0983508
0.09834
0.0982996
0.0982532
0.0981409
0.0979588
0.097922
0.0978728
0.0976182
0.0975791
0.097308
0.0971888
0.0970625
0.096935
0.0969245
0.0968992
0.0968577
0.0967517
0.0966369
0.0966269
0.0964863
0.0964061
0.0962373
0.0960727
0.0958385
0.0958277
0.0957649
0.0957023
0.0954437
0.0954154
0.0953445
0.0953249
0.0953179
0.0952658
0.0952149
0.0951227
0.0950963
0.0949858
0.094968
0.0949301
0.0946837
0.0945632
0.0944547
0.0942981
0.0942682
0.0941623
0.0941476
0.094146
0.0940931
0.0940049
0.0939454
0.0938557
0.0936965
0.0936592
0.0935873
0.0935451
0.093524
0.0934059
0.0933954
0.0932614
0.0932492
0.0929979
0.0929621
0.0929559
0.0928906
0.0928525
0.0927466
0.0923541
0.0921414
0.0919516
0.0917575
0.0917434
0.09171
0.0916558
0.0915127
0.0914181
0.0912778
0.0912297
0.0910979
0.0910531
0.0906026
0.0902772
0.0900966
0.0900872
0.089846
0.0897604
0.0897182
0.0895239
0.0894864
0.0894801
0.0893407
0.0893003
0.0892211
0.0891749
0.0891378
0.0890869
0.0890254
0.0890009
0.0889174
0.0889127
0.0887929
0.088729
0.0887217
0.0887154
0.088536
0.0885309
0.0884398
0.0884216
0.0883561
0.0882358
0.0881727
0.0880785
0.0879408
0.0878995
0.0878861
0.0878513
0.0877991
0.0877864
0.0877212
0.0872504
0.0871594
0.0868332
0.0867045
0.0866778
0.0865624
0.0864254
0.0863706
0.0863448
0.0862672
0.0861055
0.0860447
0.0859924
0.0859485
0.0857245
0.085511
0.0852646
0.0852101
0.085208
0.0851004
0.085062
0.0850618
0.0847935
0.0847551
0.0845224
0.084348
0.0843345
0.0842254
0.0841781
0.0836126
0.0835787
0.083212
0.0831818
0.0831569
0.0831082
0.082897
0.0828869
0.0827499
0.082748
0.0825117
0.0824678
0.0824544
0.082403
0.0823816
0.0821407
0.0820477
0.0819952
0.0819911
0.0819678
0.0819647
0.0818496
0.081787
0.0817419
0.0817328
0.0812878
0.0811163
0.0810877
0.0810123
0.0809022
0.0808955
0.0808615
0.0806895
0.0806396
0.0805339
0.0804573
0.0804038
0.0804025
0.0803446
0.0800663
0.0799882
0.0799277
0.0797934
0.0796839
0.0794616
0.0794436
0.0794377
0.0794269
0.0789522
0.0788411
0.0787744
0.0786325
0.0785924
0.0783061
0.0782851
0.0782603
0.0781894
0.0780359
0.0776941
0.0776826
0.077634
0.0774622
0.0773958
0.0772598
0.0771541
0.0768114
0.0766943
0.0766419
0.0766334
0.076616
0.0765882
0.0765651
0.0765249
0.0764545
0.0763323
0.0763197
0.0762469
0.0762275
0.0762152
0.0761478
0.0760065
0.0760021
0.0759797
0.0759495
0.0756294
0.0756064
0.0754923
0.0753698
0.0753668
0.075353
0.0753376
0.0752752
0.0752021
0.0751643
0.075131
0.0750975
0.0750601
0.0750276
0.0749794
0.0749646
0.0749413
0.0749309
0.0748943
0.0748549
0.0747325
0.0746868
0.074667
0.0746216
0.074552
0.0744802
0.0743905
0.0742594
0.0742466
0.0742404
0.0741131
0.0740606
0.0740464
0.073903
0.0737735
0.0736195
0.073604
0.0735544
0.0734573
0.0734012
0.0733581
0.0733578
0.0733468
0.0731748
0.0730443
0.0730156
0.0729955
0.0727753
0.0726544
0.0725254
0.0724465
0.072446
0.0723423
0.0722902
0.0722552
0.0721949
0.0721627
0.072092
0.0720543
0.0720209
0.0718732
0.0718691
0.0716934
0.0716822
0.0716464
0.0715385
0.0714303
0.0710278
0.0709646
0.0709645
0.0708332
0.0708279
0.070827
0.0707926
0.0707604
0.0707482
0.0706023
0.0704973
0.0704666
0.0703715
0.0703025
0.0702881
0.0702184
0.070208
0.0701379
0.0698367
0.06974
0.0695974
0.0695949
0.0695381
0.0695155
0.0695079
0.0694869
0.0694537
0.0692351
0.069226
0.0692208
0.0692009
0.0691204
0.0690946
0.0689564
0.0687836
0.0687734
0.0687407
0.0686448
0.0686247
0.0683172
0.0682888
0.0681783
0.0681589
0.0681104
0.0680794
0.0679375
0.0678579
0.0677469
0.0676958
0.0674975
0.0674823
0.0672899
0.0671426
0.0670016
0.0668108
0.0666917
0.0666853
0.0665454
0.0664882
0.0664403
0.0662524
0.0662132
0.0660488
0.0659692
0.0659602
0.0658019
0.0656857
0.0656409
0.06561
0.0654518
0.0654437
0.065442
0.0652438
0.0652003
0.0649704
0.0647478
0.0646881
0.0646796
0.0646044
0.0645729
0.0643843
0.0642094
0.0641803
0.0640929
0.0640067
0.0639138
0.0638637
0.0637892
0.0637703
0.063696
0.0633882
0.0633477
0.0631958
0.0631329
0.0631267
0.0631214
0.0630707
0.0630595
0.0629663
0.0629052
0.0628958
0.062848
0.0628306
0.0628136
0.0627506
0.0627429
0.0626367
0.0625714
0.0623816
0.0622934
0.0622172
0.0621939
0.0621699
0.0621276
0.0620515
0.0619856
0.0619614
0.0617642
0.0616909
0.0616133
0.0615158
0.0614136
0.0613564
0.061313
0.0611939
0.0611322
0.0610945
0.0610374
0.0608413
0.060824
0.0607377
0.0606531
0.0606412
0.0606084
0.0605695
0.0604707
0.0604027
0.0601331
0.0598168
0.0597347
0.0596812
0.0593746
0.0593115
0.0592542
0.0591364
0.0589573
0.0588809
0.0587706
0.0586588
0.0585377
0.0585289
0.0585164
0.058394
0.0583417
0.0582973
0.0579625
0.0578789
0.0578575
0.0576087
0.0575678
0.0574951
0.0574652
0.0572877
0.0572317
0.057082
0.0569275
0.0568112
0.0567763
0.0566928
0.0564651
0.0564498
0.0564386
0.0563123
0.0562187
0.0559342
0.0559065
0.055887
0.0558775
0.0556468
0.0554973
0.055278
0.0552468
0.055161
0.0551153
0.0550968
0.0550752
0.0548498
0.0548238
0.0548055
0.054662
0.0546553
0.0546282
0.0546146
0.0545742
0.0545681
0.054517
0.0542876
0.0542516
0.0542348
0.0541287
0.0538796
0.0538792
0.0537648
0.053599
0.053564
0.0534213
0.0532587
0.0531973
0.0531933
0.0530854
0.0530243
0.0529893
0.0529723
0.0529514
0.0527704
0.0527438
0.0526101
0.052572
0.0524644
0.0524498
0.0524189
0.0523701
0.0521872
0.0520619
0.0518379
0.0518191
0.0517283
0.0515876
0.0515299
0.0515167
0.0512202
0.051092
0.0510218
0.0509167
0.0507485
0.050691
0.0506811
0.0505717
0.0500581
0.0500404
0.0498356
0.049835
0.0496151
0.0495608
0.0494763
0.0494098
0.0491587
0.0489735
0.0488076
0.0487418
0.0486484
0.0483969
0.0483337
0.048207
0.0481943
0.0481449
0.048141
0.0480738
0.0479515
0.0478329
0.0477535
0.0476318
0.0475514
0.0473429
0.0472945
0.0472242
0.047135
0.0470724
0.0470257
0.0470156
0.0469165
0.0468577
0.0468515
0.0467829
0.0466811
0.0466741
0.0466099
0.0465164
0.0464669
0.0464434
0.0464406
0.0464121
0.0462279
0.0461798
0.045982
0.0459681
0.045878
0.0457124
0.0457066
0.0456621
0.0456606
0.045577
0.0454775
0.0454369
0.0453667
0.045226
0.0451655
0.045144
0.0449682
0.0449011
0.0448523
0.0448475
0.0448424
0.0448052
0.0445284
0.0444511
0.0444182
0.0443302
0.044257
0.0441391
0.0440735
0.0439975
0.0438914
0.0438001
0.0437941
0.0437821
0.0437544
0.0435706
0.0435231
0.0434145
0.0434127
0.0434098
0.0433611
0.0432719
0.0432592
0.043216
0.0431579
0.0431338
0.0430806
0.0429841
0.0428344
0.0428001
0.0427386
0.0426857
0.0425915
0.0425604
0.0424588
0.0424197
0.04228
0.0422444
0.0421785
0.0421262
0.0418953
0.04189
0.0418085
0.0416458
0.0414523
0.0413259
0.0412721
0.0412543
0.0411946
0.0410497
0.0409131
0.0408294
0.0406413
0.040566
0.0403644
0.0403224
0.0402854
0.0402625
0.0401996
0.0401899
0.0401543
0.0400911
0.0400732
0.040068
0.0400287
0.0399308
0.0397545
0.0395771
0.0395597
0.0394325
0.0393089
0.0392768
0.0392418
0.0391209
0.0388216
0.0387291
0.0385908
0.0385268
0.0383645
0.0383496
0.0383133
0.0382937
0.0376005
0.037555
0.0373734
0.0373729
0.0372454
0.0371328
0.0366437
0.036638
0.0366202
0.0364074
0.0363238
0.0362376
0.0361766
0.0360243
0.0359003
0.0358911
0.0357297
0.0356105
0.0355032
0.0354412
0.0354187
0.0353603
0.0352305
0.035081
0.0350294
0.0350044
0.0349606
0.0348367
0.0346009
0.0344499
0.034379
0.0342919
0.0341949
0.0341467
0.0341365
0.0340659
0.0338526
0.0337587
0.0337388
0.0335762
0.0333891
0.0333728
0.0332342
0.0331609
0.0331605
0.0331142
0.0330933
0.0330635
0.0330336
0.0328768
0.0328239
0.0324037
0.0323778
0.0322447
0.0320987
0.0319735
0.0318117
0.0317793
0.0317704
0.0315376
0.0315226
0.0314812
0.0314221
0.0313864
0.0312634
0.0311224
0.0309979
0.0309011
0.0308956
0.0308169
0.0308113
0.0307504
0.0307486
0.0306725
0.0306123
0.0304467
0.0303444
0.0301758
0.0301138
0.0300422
0.0298345
0.0294942
0.0291906
0.0291458
0.0291153
0.0289769
0.0287598
0.0286589
0.0284893
0.0284788
0.028451
0.0281681
0.0280601
0.028006
0.0280052
0.0279061
0.0278876
0.0278259
0.0277703
0.0275009
0.0272374
0.0269697
0.0269688
0.0267944
0.0267339
0.0265799
0.0265557
0.0264716
0.0264682
0.0264479
0.0264145
0.0263972
0.0263342
0.0263034
0.0259769
0.0258291
0.0257481
0.0256955
0.0256735
0.0254849
0.0254682
0.0253186
0.0252743
0.0252243
0.0251587
0.0249718
0.0248788
0.0248167
0.0247991
0.0247778
0.0246698
0.0246253
0.0245787
0.0244898
0.0243526
0.0242712
0.0241975
0.0239239
0.0237348
0.0236901
0.0235262
0.0234506
0.0233687
0.0232791
0.0232189
0.0231022
0.023056
0.0230315
0.0229345
0.0228761
0.0228673
0.0226843
0.0225159
0.0224892
0.0222801
0.0218249
0.0218225
0.0215384
0.0215296
0.0215146
0.0215048
0.0210602
0.020948
0.0209433
0.0208278
0.0207602
0.0207146
0.0206051
0.0204684
0.0203588
0.0203494
0.0203065
0.0202219
0.0199951
0.0198959
0.0195017
0.0194627
0.0194449
0.0192479
0.0191127
0.0190919
0.0190563
0.0187795
0.0184628
0.0183677
0.0183622
0.0183078
0.0181682
0.018029
0.0179376
0.0178795
0.0178131
0.0176375
0.0175017
0.0174891
0.0172909
0.0172487
0.0171465
0.0171246
0.0170126
0.0167803
0.0167424
0.0166907
0.0166142
0.0163706
0.01632
0.0161393
0.0158978
0.0158631
0.01581
0.0157953
0.0156966
0.0156892
0.0155258
0.015517
0.0154275
0.0153811
0.0153728
0.0153586
0.0152937
0.014885
0.0148692
0.0147904
0.0146939
0.0146877
0.0146561
0.0146054
0.0146041
0.0145883
0.0145851
0.0145618
0.0145215
0.0145175
0.0145007
0.0144956
0.014347
0.0142184
0.014218
0.0142011
0.0140342
0.0135651
0.0134636
0.0133602
0.0133398
0.0132521
0.0131934
0.0131432
0.01308
0.0129496
0.0129219
0.0129165
0.0129106
0.0127164
0.0124809
0.0124434
0.0123944
0.0123433
0.0122318
0.0119899
0.0118799
0.0117124
0.0115907
0.0115437
0.0115177
0.0114272
0.0113862
0.0111615
0.0110293
0.0109996
0.0109546
0.0108616
0.0105627
0.010324
0.010304
0.0100314
0.00995406
0.00984556
0.00982292
0.00971215
0.00967294
0.00965488
0.0095432
0.00951982
0.00945224
0.00939354
0.00919743
0.0091004
0.00904943
0.00898979
0.00889077
0.00887012
0.0088677
0.00881901
0.00880275
0.00860114
0.0084888
0.00843756
0.0084247
0.00836627
0.00831055
0.0081095
0.00808967
0.00781485
0.00758105
0.00754441
0.00744433
0.00743772
0.00738926
0.0073421
0.00725839
0.00707798
0.00679185
0.0067713
0.00674672
0.00671322
0.00662191
0.00658455
0.00653333
0.00650817
0.00647745
0.00637938
0.00621942
0.00614047
0.00602202
0.00597804
0.00597508
0.00576841
0.0056262
0.00521171
0.00507027
0.00499206
0.00470613
0.00438397
0.00420234
0.00419137
0.00418566
0.00412029
0.0040891
0.00351563
0.00347221
0.00342262
0.00323787
0.00302642
0.00279549
0.00228749
0.0022102
0.00215258
0.00215207
0.0020025
0.00197594
0.00195017
0.00193811
0.00169568
0.00157306
0.00152419
0.00143453
0.00127799
0.0012538
0.00102828
0.000925079
0.000813278
0.000793369
0.000595006
0.000533673
0.00039686
0.00034446
0.000275489
0.000234895
0.000228752
0.000107484
